11 44 35	+78 57.7	 191.5	 +67  -56  -74	#Gl 445   #Gliese 445
14 26 19	-62 28.1	 771.8	 -25   -2  +13	#Gl 551   #proxima centauri C
14 36 11	-60 37.8	 749.0	 -32   +4  +14	#Gl 559   #alpha cent A  
14 36 11	-60 37.8	 749.0	 -26   -1  +14	#Gl 559   #alpha cent B
23 39 26	+43 55.2	 315.6	 +33  -74   +0	#Gl 905   #Ross 248
11 00 37	+36 18.3	 397.3	 +46  -53  -74	#Gl 411   #Lalande 21185
11 45 09	+01 06.0	 301.1	 +18   +6  -33	#Gl 447   #Ross 128
17 55 23	+04 33.3	 545.3	-141   +5  +18	#Gl 699   #Barnard's Star 


03 30 34	-09 37.6	 305.6	  -4   +7  -21	Gl 144  
07 36 41	+05 21.3	 285.8	  +5   -8  -19	Gl 280
08 26 53	+26 57.2	 275.8	  -6   -6  -21	GJ 1111
10 45 41	-11 03.1	 221.0	 +29  -11  -18	NN 3622
17 33 28	-44 16.6	 211.6	 -64  -11   +9	Gl 682
17 36 42	+68 23.1	 212.7	 +31  -21   -4	Gl 687
18 42 12	+59 33.3	 286.1	 -24  -12  +26	Gl 725  
18 42 13	+59 33.0	 286.1	 -24  -10  +27	Gl 725

