00 02 05	-40 57.8	 104.2	  -1  -73  +12
00 02 16	+34 22.8	 029.8	 -70  -26   -8
00 02 28	-37 36.2	 221.8	 -78 -101  -35
00 02 32	+45 30.6	 087.0	 -39  -23  -17
00 02 48	-68 06.2	 072.5	 +39  -54   +3
00 03 02	+45 32.2	 087.0	 -36  -22  -17
00 03 02	+45 32.1	 087.0	 -40  -23  -15
00 03 38	+58 09.5	 046.5	 -18  -22   +2
00 03 38	+58 09.5	 046.5	 -16  -26   +3
00 03 44	-49 21.2	 048.3	 -48  -31  -11
00 04 01	+28 44.7	 070.2	 -17  -21  -11
00 04 13	-07 47.5	 212.8	 +37  -41  +28
00 04 58	-24 05.9	 039.2	 -66  -23  +36
00 06 06	+36 21.0	 046.2	 +20  -11   -3
00 06 30	+58 52.4	 069.2	 -34   -6  -18
00 06 53	-46 01.4	 064.5	  -5  -13  +11
00 08 43	-15 44.5	 065.8	 +16  -10  -17
00 09 03	-59 11.3	 049.6	 -61  -31   -7
00 09 12	-35 24.8	 032.2	 -25   +4   +9
00 12 53	-16 24.3	 188.7	  -7  -27  +23
00 14 24	-52 55.9	 067.4	 -29   +4   +5
00 14 26	+40 40.2	 071.0	 -35  -13   +0
00 15 25	-13 44.0	 032.0	 -40  -14  -33
00 15 31	+43 44.4	 289.5	 -48  -11   -4
00 15 31	+43 44.4	 289.5	 -47  -12   -3
00 16 07	-08 19.7	 051.4	 -26  -33   +1
00 17 29	-65 10.1	 139.0	 -60   -4  -38
00 17 48	+32 49.3	 079.9	 -26  -73  -37
00 18 52	-46 00.7	 049.7	 +27  -68  +20
00 19 52	-27 18.3	 047.6	  -1  -58   -4
00 20 18	-12 29.2	 048.6	 -33  -13   +0
00 21 53	-27 18.3	 081.2	 -57  -23  -10
00 22 12	-27 26.0	 132.8	 -29   +8 +219
00 23 09	-77 32.1	 155.4	 -51  -42  -29
00 23 45	-43 57.4	 071.2	  -5   -4  -12
00 26 08	-06 55.8	 074.8	 +38  -12  -64
00 29 20	+66 57.8	 100.6	 -68  -44  -18
00 30 28	-63 18.4	 047.8	  -4   -9   -3
00 31 43	+47 38.4	 043.6	 -80  -55  +12
00 32 05	-52 39.0	 049.0	 -11  -20  -34
00 32 40	-03 52.1	 061.4	 -28  -13  -13
00 32 40	-03 52.1	 061.4	 -28  -14  -11
00 34 14	-49 24.3	 037.6	 -39  -43   +7
00 33 40	-49 24.1	 077.4	 -37  -46   +0
00 34 47	-25 02.5	 072.1	 -77  -47  -24
00 34 47	-25 02.5	 072.1	 -77  -46  -30
00 36 13	+30 20.5	 079.5	 -80  -48   -2
00 36 45	+20 58.9	 095.1	 +38  -20   +9
00 38 02	-24 04.4	 040.1	 -44  -76  +45
00 38 04	+39 55.3	 058.5	 +19  -82  -26
00 38 06	-59 44.1	 056.7	 -78  -12  -25
00 40 05	+35 16.4	 047.2	 -24  -10   +7
00 40 52	+33 34.6	 054.7	 +39  -29   -9
00 41 05	-18 15.6	 054.5	 -19   -6  -13
00 41 36	+75 39.9	 023.2	 -29  -25  -12
00 41 58	-26 47.5	 039.8	 -57   -3  -56
00 42 07	-19 13.4	 056.4	 -42   +2  -25
00 42 16	-22 16.8	 046.3	  +0  +12  -12
00 42 31	+01 31.2	 043.2	 +27  -32  -34
00 42 32	-65 54.8	 050.4	 +49 -107  -32
00 43 25	-42 10.9	 081.4	 -17   -8  +26
00 43 25	-42 10.9	 081.4	 -12   -8  +23
00 43 25	-47 49.6	 048.1	 -22   +0   +7
00 45 08	-37 12.5	 040.7	 +37  -19  +33
00 45 45	+05 01.4	 135.9	  -1  -47  -13
00 46 03	+57 33.1	 168.4	 -30  -11  -15
00 46 03	+57 33.1	 168.4	 -31   -9  -16
00 46 21	+16 40.3	 045.6	  +6   -8  -15
00 46 31	+05 09.2	 230.9	  +2  -49  -38
00 46 57	-23 29.2	 062.5	 -38  -14   -5
00 47 37	-10 54.8	 061.8	 +23   -2  -13
00 48 23	+58 01.5	 053.5	-104  -84  +34
00 48 43	+18 28.3	 046.1	  +5  -13  -24
00 49 04	-23 10.8	 069.2	 -26  -38  -17
00 50 04	+60 51.0	 064.9	  -8  +20  +11
00 50 34	-30 37.7	 089.0	 -38  -20   +7
00 52 19	+23 49.9	 049.4	 +35   -4  -15
00 53 23	-29 56.9	 020.8	 -53   -8  -10
00 53 42	+68 46.6	 043.4	 -51  -89  -32
00 54 48	-02 05.0	 070.0	 +33  -15  +38
00 55 10	-62 31.0	 059.9	 -69  -44  -13
00 55 58	-28 07.3	 071.7	 -60  -64  -40
00 57 36	+17 55.8	 050.8	 +17  -27  +20
00 58 13	+61 06.5	 092.4	 -19   -3  -40
00 58 48	+71 25.0	 115.5	 -61  -38  -11
00 59 04	+81 50.0	 040.2	 +42  -27  -24
00 59 27	+62 04.5	 112.6	 -21  -21   +4
00 59 27	-10 08.9	 042.6	 +74  -49  -26
00 59 48	+04 47.4	 020.9	 -46   +6   -2
00 59 54	-10 41.0	 019.5	  -2   +6  +23
01 01 14	+04 48.3	 046.8	 -42   +6   +1
01 01 59	-25 52.1	 040.7	 +29  -35   -4
01 02 22	-39 44.9	 042.1	 +50  -42  -10
01 03 45	+63 40.2	 067.2	 -90  -59  +30
01 04 35	-51 15.5	 047.0	 -40  -31   -5
01 04 56	+54 40.5	 134.5	 -41 -156  -34
01 04 56	+22 41.7	 052.1	  +5  -29  -41
01 06 01	+16 59.1	 045.0	 +58  -67  -37
01 06 04	-10 26.8	 040.6	 -15  -24  -15
01 06 35	-31 11.7	 039.7	 -17  -48   -3
01 06 55	+35 21.4	 048.7	 -11  -15   -8
01 08 34	-67 43.1	 120.9	 -16  -10  -34
01 09 59	-17 16.4	 267.4	 -28   +0  -24
01 11 53	-08 11.5	 056.8	 -26  +17  -11
01 11 51	-08 10.7	 056.8	 -27  +17  -12
01 12 56	-45 47.9	 065.9	 -36  -18  -11
01 14 05	-69 08.5	 050.7	 -35  -18   -6
01 14 04	-69 08.4	 050.7	 -34  -18   -7
01 15 05	-15 45.6	 066.3	 +10  -99   -4
01 16 06	-01 07.6	 052.8	 -34  -49  -24
01 16 43	+79 53.5	 040.9	 -16  -25  -10
01 17 50	+76 27.0	 041.7	 +14  -15   -8
01 19 16	-41 54.7	 063.4	 -58  -95   -7
01 20 33	-13 13.6	 048.4	 -46  -29  -24
01 20 31	-13 13.1	 048.4	 -53  -25  -51
01 22 10	+18 14.6	 061.0	 -57  -59  -14
01 26 20	+21 28.0	 032.4	 -33  -27  -13
01 30 53	-24 25.9	 070.4	  +0  -17  +51
01 30 55	+68 41.5	 038.2	 +48   -6   +2
01 31 35	+34 25.4	 040.8	  +2   -3   +3
01 32 42	-30 10.0	 064.3	 -20   -5  -32
01 33 51	+41 09.4	 057.4	 +32  -23  -21
01 34 49	-29 38.8	 045.5	 -26  -31   -4
01 35 07	+56 58.9	 090.3	 +16  -12  -19
01 36 25	-18 12.7	 380.7	 -43  -19  -19
01 36 25	-18 12.7	 380.7	 -44  -19  -22
01 37 37	-46 45.7	 065.4	  +4  -15  -25
01 37 39	+63 33.6	 076.7	  +5   -5   +0
01 37 52	+66 39.7	 042.9	 -99  -57  -18
01 37 54	-56 26.9	 148.9	  -4  -14  -16
01 37 54	-56 26.9	 148.9	  -3  -16  -18
01 38 44	+42 21.8	 073.1	 -42  -34   +0
01 39 28	-45 40.3	 052.9	 -17  -12   +9
01 39 47	+20 01.6	 126.5	 +36  -26   +1
01 40 12	+63 34.8	 075.1	 +45  -28  -42
01 40 46	+04 04.9	 113.8	 +40  -20   +2
01 41 45	-16 12.0	 286.0	 +18  +28  +13
01 43 58	+12 09.8	 038.1	 -10   +1  -21
01 44 06	+63 36.4	 097.2	 -26  -16   -6
01 45 20	-26 59.7	 054.8	 +48  -34  -30
01 45 52	+32 26.3	 038.6	 +25   +9  +34
01 46 12	-41 44.7	 063.3	 -54  -31  -27
01 47 08	-10 56.0	 044.2	 +20   +3   -6
01 46 56	-10 57.0	 044.2	 +20   +3   -5
01 49 19	-11 02.6	 086.0	  -7  -43   -1
01 50 13	+29 20.2	 053.4	 +14  -21   -8
01 50 25	-22 40.9	 083.7	 -39  -30   -3
01 51 52	+20 33.9	 059.0	  -1  -12   -2
01 54 01	-51 51.4	 054.8	 -61  -18  +10
01 54 43	-10 29.0	 045.1	 +62   +8  -14
01 54 45	-10 29.4	 045.1	 +61   +8  -15
01 54 52	-60 28.4	 054.4	 -37  -14   +1
01 55 06	-52 00.8	 053.4	 -50   -9   -5
01 55 54	+58 16.9	 078.5	  -9  -20   -6
01 57 12	-61 48.8	 039.6	 -23  -27   -6
01 57 28	+12 50.1	 223.8	 +14  -52   +5
01 59 28	+03 42.1	 042.2	 +98  -17   -9
02 01 55	-45 39.2	 049.4	 -36  -38  -30
02 02 37	-17 51.1	 118.0	 -22  -36  +46
02 03 48	+44 57.2	 055.3	 -61  +12  -44
02 04 21	+23 13.6	 046.6	  -1  -28   +3
02 05 02	-00 51.0	 040.4	 +71  -22   +1
02 05 00	-00 49.8	 040.4	 +72  -23   -1
02 05 56	-66 48.7	 064.6	-153  -72  +53
02 08 13	+39 41.6	 059.2	 -45  -81   -5
02 08 25	-51 04.1	 089.4	-103  -77  -25
02 09 51	+03 22.0	 086.7	+117  -13  -80
02 10 14	-02 37.6	 039.7	 -28  -41  +17
02 10 13	-02 37.8	 039.7	 -30  -40  +17
02 10 27	-17 55.4	 044.9	 -67  -20  -11
02 10 42	-30 57.5	 063.0	  -3   -3   -9
02 11 35	+67 26.6	 033.6	 -23  -34   -9
02 11 40	-32 16.0	 108.5	 -15  -51  -31
02 14 00	+33 59.8	 098.1	 -33  -46  +11
02 14 52	+56 20.0	 046.7	 -34  -30  -11
02 16 44	-26 10.9	 080.5	 -11  +27  -10
02 18 57	+47 39.1	 086.8	 +19  -31  +15
02 19 11	-31 09.8	 042.3	 -78  -57  -23
02 20 15	-24 02.6	 083.3	 -11  -13  -14
02 20 51	-68 53.2	 048.1	  +4   -1   -6
02 23 23	+05 33.2	 044.0	 -46  -17  +19
02 25 09	+04 12.3	 060.9	 -21   +7   +4
02 25 46	+32 02.1	 032.2	 -34  -33  +41
02 25 52	+29 42.5	 031.7	 -26  +32  -14
02 26 41	-20 12.3	 038.9	 -65  -28   +5
02 28 55	+02 02.8	 040.0	 -17   +2  -20
02 29 18	-46 54.4	 064.0	 +14  -29  -24
02 32 28	-44 00.6	 087.2	  +6  -30  -33
02 32 49	-03 46.3	 042.4	 +66  -28  +15
02 33 03	+20 00.3	 069.0	  +8  -25  +13
02 33 20	+06 39.0	 129.4	 -81   +0  +36
02 33 31	+06 38.0	 129.4	 -81   +0  +36
02 34 09	-03 22.4	 038.0	 -29  -17   +7
02 34 54	-34 47.5	 055.2	 +15  -17   -8
02 35 31	+30 36.4	 044.0	+133  -34  -31
02 36 56	-26 31.8	 047.5	  -2  -31   -9
02 37 09	-12 05.0	 068.6	  -4  -20  -14
02 37 09	-12 05.0	 068.6	  -5  -20  -15
02 38 07	+00 58.9	 041.6	 -81   +7  -37
02 38 28	-30 21.0	 042.0	-104  -81  +22
02 39 05	+39 59.0	 042.7	 +19  -21  -11
02 40 30	+19 13.1	 054.7	 -45  -16   -2
02 40 42	+03 01.6	 046.9	 +19   -2  -10
02 40 42	+03 01.6	 046.9	 +24   -3   -4
02 40 46	+49 01.1	 079.3	 -32   +0   +0
02 40 46	+49 01.1	 079.3	 -33   +0   +0
02 40 51	-51 00.9	 068.3	 -27  -15   -8
02 41 18	+25 19.0	 125.6	 -40  -18  -13
02 41 22	-09 02.4	 057.3	  +0  -77   -4
02 42 14	+09 54.3	 048.3	 -37  -14  -11
02 42 46	-18 47.0	 071.0	 -26  -17  -13
02 43 20	+25 26.5	 052.6	 -22  -17   -8
02 43 34	+11 34.1	 056.1	 -14  -18   -8
02 43 51	+16 13.1	 066.7	 +72   +1  -29
02 45 12	+26 51.7	 055.6	 -24  -23   -4
02 45 42	+30 54.6	 049.9	  -5  -16   -1
02 47 49	+15 30.6	 057.3	  +9  -56   +6
02 48 52	-44 17.0	 061.9	 +14  -25  -23
02 48 58	+34 11.9	 066.7	  +0 -105   -9
02 49 23	+60 39.0	 030.3	 +37  -63   -3
02 50 07	-12 58.3	 120.4	 -14  -18  -11
02 50 14	-33 39.3	 039.3	 -47  -60  -30
02 51 14	-63 53.5	 081.0	 -48  -85  -62
02 52 00	-36 06.3	 047.9	 -23  -53  +23
02 52 41	+26 40.4	 039.6	 -37  -14  -17
02 52 41	+26 40.4	 039.6	 -33  -17  -14
02 52 50	+55 14.5	 044.8	-114  -18  -15
02 53 27	+13 42.8	 041.1	 +13   +4  -19
02 54 43	+10 35.8	 046.8	-126 -141  +27
02 59 28	+26 24.9	 036.8	 -20  -26   -5
02 59 28	-28 16.9	 039.5	  +4  -71  -25
03 00 03	+61 31.2	 036.2	 -72  -72  -25
03 00 11	-23 49.2	 061.6	 +13   +8   +3
03 01 09	-05 51.5	 049.1	  +8  -40  +23
03 03 15	+75 51.8	 051.8	 -57   +4  -20
03 03 38	+40 10.1	 032.6	 +68   -4  -25
03 03 50	+01 47.2	 063.6	 +36  -71   +3
03 04 57	-13 57.0	 043.4	 +14  -24  -19
03 05 27	+49 25.4	 092.4	 -77  -17  +22
03 06 09	+45 32.9	 076.7	 +19   +2  -29
03 09 57	-29 11.0	 072.7	 -36  +20  +30
03 10 13	-01 22.9	 053.3	 -19  -16   -8
03 10 30	-38 17.2	 080.3	-123  -77  -38
03 10 58	+52 10.1	 041.8	 +45  -40  -54
03 12 04	+08 48.1	 043.6	  +9  -63  +12
03 12 17	+57 59.3	 070.6	 -42  -17   -4
03 12 17	+57 59.3	 070.6	 -42  -17   -4
03 12 35	-26 38.0	 058.2	 -23  -14   -1
03 13 24	-45 50.7	 064.9	  -3  +11  -11
03 13 56	+79 46.9	 073.8	  +5  -21  +25
03 14 52	+38 04.7	 064.2	 -18  -52  -16
03 16 30	-03 01.4	 064.2	 -25  -31   -5
03 16 41	-62 46.0	 093.6	 -63  -42  +13
03 16 44	+03 11.3	 104.5	 -22   -4   -4
03 17 07	-62 41.8	 087.5	 -66  -44  +15
03 17 54	+08 51.3	 050.7	 -32  -52  +21
03 17 56	-43 15.6	 159.6	 -81  -94  -27
03 20 51	-07 58.1	 035.0	 -16  -19  -39
03 21 43	-50 10.5	 051.0	 -38   +3  +17
03 21 42	-50 10.6	 051.0	 -38   +7  +14
03 22 32	-05 31.7	 066.5	 +47  -28  -20
03 24 07	-30 47.7	 053.2	 -47  -12   +3
03 25 36	-19 58.9	 071.8	 -51  -20   -7
03 26 08	-63 40.1	 059.8	  +9  -64  -17
03 27 37	+19 56.0	 045.2	 -28  -11   -6
03 27 37	+19 56.0	 045.2	 -30  -10   -7
03 27 37	+19 55.7	 062.4	 -22   -6   -5
03 28 30	-63 06.8	 056.9	 -42  -20   -3
03 30 34	-09 37.6	 305.6	  -4   +7  -21
03 31 17	-44 52.3	 082.4	  +7  +36  +17
03 33 26	-48 35.3	 085.3	 -28  -19   -6
03 34 19	+00 14.7	 059.4	  +6  -18  -47
03 35 48	-11 36.7	 064.8	+163 -178 +103
03 37 49	-03 22.5	 046.9	-107  -77  -49
03 38 15	-02 29.4	 025.3	 -39  -31  -24
03 38 34	+03 27.3	 044.8	 +10  -15  -18
03 40 36	-24 37.2	 059.1	 +21  -39  -20
03 40 51	-09 55.9	 103.5	 -15  +29  +13
03 41 02	+16 31.1	 053.3	 -29  -17  -26
03 40 55	+16 30.8	 053.3	 -10  -19  -15
03 41 16	+45 52.8	 048.9	 -35  -19  +10
03 41 21	+24 43.1	 051.5	  -1   +1   -3
03 42 18	-38 26.5	 064.2	 -36  -16  -16
03 43 04	+68 30.9	 051.8	  +4   +3  +26
03 43 05	+68 31.2	 051.8	  +7   +5  +27
03 43 18	+26 03.8	 068.9	 -42  -17   -8
03 43 19	-28 01.2	 035.4	 -41  -26   -4
03 43 34	-64 57.8	 043.7	 -17  -57  -17
03 43 37	+41 17.4	 048.9	 -86  -93  -65
03 43 37	+41 17.5	 048.9	 -88  -93  -68
03 44 06	+23 50.5	 048.6	  -4   -3   -3
03 44 42	-23 23.8	 056.1	 +36  -22  -21
03 45 08	+23 59.4	 045.1	  -6   -2   -5
03 47 24	-64 59.4	 042.6	 -41  -52  +20
03 48 04	+23 45.2	 046.8	 -45  -17   -3
03 50 44	+61 01.4	 045.4	 -68  -14  +15
03 51 31	-37 11.9	 051.7	+120   +8  +31
03 52 09	-06 58.8	 069.8	 -66  +13  -30
03 52 55	+53 25.3	 053.6	 -17  -37   -7
03 54 49	+76 01.6	 049.2	 -59  -24   -9
03 54 57	-01 18.0	 071.7	  +6   +1  -17
03 54 57	-01 18.0	 071.7	  +0   -1  -22
03 56 49	+25 57.2	 043.8	-115  -52   +3
03 59 53	+35 09.3	 054.8	 -40 -187  +21
04 00 03	-00 24.2	 055.2	  -8  -27  -12
04 01 57	+00 06.9	 040.9	 +59  -10  -12
04 02 22	+21 52.5	 057.5	 -25  -15   -7
04 03 26	+82 47.4	 036.3	 -29   -9   -9
04 03 34	-27 47.2	 043.1	 -47  -39  -30
04 04 23	+69 24.8	 057.0	 -10  -23  -17
04 04 23	-20 58.5	 049.3	 +37  -61  -34
04 05 16	+37 54.6	 047.8	 -33  -18   -8
04 05 23	+33 30.2	 072.7	 -47   -7  +22
04 06 49	-64 21.5	 039.3	 -34  -28  -15
04 07 56	-53 30.7	 064.9	 -74  -82   -3
04 08 37	+76 09.9	 042.4	 -30   -8  -12
04 11 20	+58 24.0	 050.9	 -33  -10   -1
04 11 53	+02 53.6	 048.3	 -63  +10   -4
04 12 58	-07 43.8	 207.1	 +95  -11  -39
04 13 04	-07 44.1	 207.1	+112   -6  -24
04 13 04	-07 44.1	 207.1	 +97  -11  -36
04 14 39	-53 26.3	 075.6	 -37   -8  +46
04 14 43	-51 36.7	 044.4	 -25  -18  -13
04 15 03	-26 10.6	 051.7	 -73  -43   +5
04 15 37	-59 25.3	 067.0	 +12  -22  -20
04 22 08	+16 52.3	 039.0	 -46  -21   -3
04 23 13	-57 11.0	 039.7	 +21  +15  -10
04 23 13	-57 11.1	 039.7	  -1   +1   +5
04 24 42	-64 11.8	 043.8	 -50  -26  -58
04 26 02	+21 48.7	 085.4	 +30   +7  +13
04 26 47	+58 53.9	 181.9	 -48  -43   -6
04 27 42	+16 05.2	 052.3	 -40   -8  -11
04 31 59	+55 18.9	 034.6	 -75  -39  +32
04 33 03	+16 24.6	 043.1	 -52  -10  -14
04 33 03	+16 24.6	 049.4	 -49  -19  -25
04 33 42	+27 02.0	 061.1	 -38  -17   -2
04 33 43	+52 48.0	 098.5	 -41   -9   -1
04 35 21	-11 08.1	 094.0	 +15   +2   -9
04 35 53	-14 24.0	 041.0	 -14  -24  -37
04 36 58	+09 46.8	 049.4	 +31  -24  -11
04 38 22	+20 48.6	 071.2	  +0   -3  -24
04 38 57	-41 57.5	 044.8	 +11   +6  -12
04 39 29	-59 02.5	 063.2	 -20   -7   -7
04 39 58	+18 52.8	 107.4	 -23  -57  -12
04 40 17	-37 14.5	 056.9	 -25  -12  -14
04 40 29	+27 35.9	 044.9	 -17  -24  -16
04 44 23	-50 09.6	 049.9	 +37   +4  -41
04 45 21	-17 01.5	 078.9	 -23   -9   -3
04 47 07	+06 52.5	 133.1	 -26  -14   +3
04 48 03	+45 45.5	 040.9	 -51  -64   -6
04 49 24	+06 23.8	 076.7	 +12  -19   +1
04 51 35	-17 50.7	 083.8	 +30  -30  +17
04 53 42	-28 38.3	 030.1	  +5  -26   +2
04 55 00	+49 46.5	 057.7	 +27  -25   -2
04 55 14	-61 13.9	 045.2	 +75 -141 +117
04 56 59	+01 42.6	 052.9	 -10  -12  -16
04 58 20	-05 48.6	 110.7	  +5  -56  -11
04 59 17	+53 04.8	 067.5	-117 -100  +16
05 00 20	-21 19.4	 129.6	 +19   +7   +2
05 01 15	-23 19.3	 050.2	 -81  -73  -35
05 01 20	-56 09.7	 050.7	 -88  +15  -13
05 01 30	-49 13.3	 042.2	  -6  -13  -17
05 02 30	-42 25.8	 052.1	  -9  -58  -24
05 02 45	+51 32.0	 047.1	  -7  -11  -12
05 03 51	+14 23.0	 025.8	 -29  -46   +2
05 04 30	+18 34.8	 058.8	 -27  -25  +31
05 04 39	-57 32.4	 087.8	  -7   +4   -1
05 04 54	+09 24.7	 040.2	 +36  -31  -16
05 05 23	-05 09.0	 049.7	 +13   +4   -7
05 06 15	-04 31.2	 048.4	 -10   -6   +1
05 06 21	-18 12.9	 090.6	 +40  -61   -2
05 09 13	-44 38.1	 039.9	 -37  -43  -23
05 09 41	-44 59.9	 258.3	 +19 -287  -54
05 09 44	+19 36.2	 070.4	 +23   +5  +29
05 12 04	-15 52.8	 062.0	  -7  -49   -4
05 12 59	+45 57.0	 079.0	 -29  -16   -9
05 12 59	+45 57.0	 079.0	 -40  -12   -8
05 13 42	+45 47.5	 076.3	 -37  -13   -9
05 14 17	+79 10.7	 052.9	 +19   +4   -4
05 15 37	+40 03.4	 069.5	 -77  -42   +5
05 16 37	-18 10.9	 063.7	 -35  -40  +13
05 16 40	-03 07.6	 079.7	 -81  -53   +6
05 16 40	-21 26.7	 053.6	 -14  -12  -23
05 19 13	+54 45.5	 051.1	 -73  -33  -14
05 19 38	-78 19.6	 076.8	 +59  +25  +29
05 20 43	+17 16.7	 061.2	 -39  -15   +9
05 21 30	+17 20.3	 065.2	 -38  -15   +7
05 25 57	-03 31.7	 071.2	 +77   -3  -22
05 26 03	+12 30.9	 039.5	  -2  -29   -6
05 27 03	-60 27.3	 044.8	 +12   -3  -19
05 27 06	-75 43.7	 042.1	 +66  -16  -26
05 28 55	-03 41.1	 172.3	 +23  -57  -11
05 29 12	+79 31.0	 045.2	 -21 -154   -8
05 29 30	+09 47.3	 070.9	 -16   -6  -24
05 31 09	+01 54.8	 066.3	 -13   -7  -28
05 33 44	+11 17.9	 086.1	 -19   -7   -6
05 34 04	+20 42.4	 056.2	 +28  -24  -23
05 34 18	+51 24.9	 039.7	 +48  +31  -57
05 35 24	-62 50.2	 042.0	 -32  -14  -19
05 35 47	-28 43.1	 045.6	 -24  -24  -21
05 36 28	-07 14.4	 041.3	  +5   -2   -4
05 36 30	-42 59.7	 059.8	 -55  -25   +4
05 36 45	-46 07.6	 033.2	 +50  -15  -23
05 36 46	-46 07.6	 033.2	 +54  -15  -30
05 37 17	+53 27.8	 082.7	 -14  -22  -13
05 37 27	+53 28.3	 086.1	 -13  -21  -12
05 39 14	+12 29.3	 166.5	 -89  -92   +9
05 41 05	+62 13.7	 071.6	 -13  -54  -18
05 41 08	-80 30.5	 042.9	 -73  -43   +2
05 42 23	-22 27.8	 124.9	 +17   +5  -10
05 42 21	-22 26.2	 124.9	 +16   +5  -11
05 42 35	+37 16.4	 056.7	 +20  -61  +10
05 44 41	-14 50.4	 048.7	 -12   -9   -8
05 45 06	-70 10.8	 047.7	-177  -13  -60
05 45 53	-36 20.6	 095.5	 -19  -63   +2
05 46 06	-51 05.0	 059.8	 -10  -16   -9
05 50 34	-06 00.0	 050.8	  +0  -33  -20
05 51 25	+20 16.1	 103.1	 +14   +3   -9
05 51 52	+02 08.6	 066.7	 +73  -47  -21
05 53 12	+13 55.5	 047.4	 +14  -59   +7
05 53 43	-63 06.3	 050.6	 -49  -31   -1
05 54 08	-14 10.5	 073.4	  -5   +8   +1
05 55 52	+44 56.7	 044.3	 +18   -1   -9
05 58 12	-37 03.6	 046.9	 -32  -37   +6
05 58 28	-31 02.2	 050.7	 -77  -52  -58
05 58 28	-31 02.2	 050.7	 -78  -55  -59
05 59 42	+82 07.9	 105.0	 -36  -47  -25
06 02 37	+67 59.1	 050.9	  -8   -5   -5
06 02 48	+35 23.8	 046.6	 +11  -20  -25
06 03 02	-45 02.1	 040.2	 -35  -11  -15
06 03 15	-55 18.2	 040.6	 -31  -43  +73
06 03 49	+15 33.0	 065.3	 +12   +0  -11
06 05 25	-59 31.5	 040.8	+113   -4  -52
06 08 09	+10 20.6	 100.8	 -37  -57  -23
06 08 28	-21 50.6	 174.9	 +12  -12  -12
06 08 48	+63 24.7	 034.2	 -25  -18  +16
06 09 18	+06 47.9	 042.7	 +62  -16  +11
06 09 55	-41 33.7	 043.7	 +43  -31   -6
06 10 18	+70 48.2	 042.7	 -50  -19   -5
06 10 26	+10 38.7	 056.9	  +3  -25   -6
06 11 44	-74 44.2	 114.1	 +17  -30  -12
06 11 54	+19 10.5	 037.7	 -33  -19  -18
06 13 38	+12 17.3	 043.4	 -13  +10  +17
06 14 37	+05 07.0	 050.4	 -16  +13   -9
06 14 32	+05 08.1	 050.4	 -15  +15  -12
06 15 37	-59 11.4	 042.0	 +34   +7   -8
06 15 37	-59 11.4	 042.0	 +34   +8   -7
06 23 14	+18 47.3	 066.6	  +9   -5  -14
06 25 10	-25 49.3	 043.7	  +0  -30  -44
06 26 51	-02 46.2	 242.1	  -4  -25   +4
06 30 07	-26 59.5	 067.3	 -44 -108  -11
06 30 22	-43 29.8	 058.3	  -9  -14  -33
06 33 07	-58 29.9	 071.0	 -56  +23   -7
06 34 19	+17 36.2	 099.1	 +43  +46  -32
06 34 30	-19 12.7	 054.7	  +2   -8   +1
06 35 55	-49 59.7	 069.7	  +0  -21   +7
06 37 44	+79 37.4	 047.5	 -57  -26   -8
06 38 12	+24 00.6	 057.0	 +49  -19   -2
06 38 53	+71 56.8	 037.8	 -39  -50  -31
06 42 29	+12 57.1	 050.2	 -25  -22  -16
06 42 51	+32 36.5	 047.1	 +24  +27  -45
06 42 52	-27 17.6	 060.5	 -22  +25  +15
06 42 57	-16 38.8	 380.4	 +15   +1  -11
06 43 08	+43 37.8	 066.2	 +25   +8   -3
06 43 31	-31 44.1	 050.4	 +11  -30  -44
06 44 15	+37 35.1	 062.6	 -47  -58  -32
06 45 27	+60 23.2	 050.6	 +69   +4   +8
06 47 41	-61 53.2	 050.9	 -25  -19   -9
06 47 49	+47 26.2	 050.4	 -43  -42  -28
06 48 30	-46 33.6	 048.5	 -39  -14   +4
06 49 52	-05 06.7	 108.9	  +2  +15  -21
06 49 52	-05 07.7	 108.9	  -1  +13  -21
06 51 34	-28 28.2	 041.4	 +13  -92   -7
06 51 35	+33 20.3	 173.6	 -28   -3  -16
06 51 49	+13 14.6	 040.7	  -9  -16   +5
06 51 49	+13 14.6	 040.7	 -16  -19   +5
06 52 10	+12 13.7	 044.0	  -2  -48  -31
06 52 14	+25 26.4	 052.7	 +13   +6   -5
06 52 59	+40 08.8	 038.1	 -54  -55  +10
06 52 59	+40 08.8	 038.1	 -54  -54  +11
06 53 52	+30 49.6	 072.8	  +9  -19   -2
06 54 41	-74 39.8	 041.0	 -45   -9   -6
06 55 30	-35 26.4	 068.4	  -6   -8   -4
06 56 07	-12 55.3	 036.8	 +13   -3   +4
06 57 49	+48 27.4	 033.2	 +23  -56  +25
06 59 11	-25 52.6	 067.4	  -5  -14  +11
06 59 25	-61 16.1	 061.5	 -21  -17  -15
06 59 56	-67 50.9	 041.1	 -22  -40  -14
07 00 20	+29 25.4	 058.6	 -19  -74   -8
07 01 56	-10 25.3	 061.5	 +98  +25  -34
07 02 18	-43 29.5	 055.0	 -54  -74  -20
07 02 25	-43 32.3	 050.2	 -50  -73  -21
07 02 25	-43 32.3	 050.2	 -51  -77  -22
07 02 35	+27 32.9	 059.7	 +23   -3  -14
07 06 39	+38 37.5	 164.6	 -44  -20   -8
07 09 27	-48 51.1	 040.6	 -32  -58  -13
07 11 08	-46 40.5	 046.1	 -15   +5   -9
07 12 08	+47 19.9	 039.3	 -80   -2  +33
07 12 42	-63 15.9	 052.3	 -57  +18   +0
07 13 33	-12 57.8	 043.2	 -72  -15  -40
07 13 59	-15 29.7	 021.2	  -8   -6  -13
07 14 19	-40 56.6	 045.5	 -34   -3  -18
07 15 13	+16 37.9	 046.0	  +8   +1   -8
07 16 03	-46 53.7	 081.6	 -43  -53   -3
07 16 15	+32 55.7	 060.3	 +76  -31   +0
07 17 08	+22 04.6	 062.4	 +14   +4   -6
07 17 08	+22 04.6	 062.4	  -3   -1   -1
07 19 37	+46 11.3	 058.6	 +18  -17  -28
07 24 43	+05 22.7	 264.4	 +16  -66  -17
07 25 49	+32 05.7	 048.3	 +10  +11  +18
07 25 54	+31 53.1	 059.1	  +2   +9  +16
07 26 09	+49 46.7	 044.7	 +25  -18   -4
07 26 11	-51 18.0	 056.5	  -9   +4  -22
07 26 52	+68 43.7	 053.0	 -15   -2  -12
07 28 18	+14 43.5	 045.6	 -47  -54  +11
07 28 40	+36 19.8	 083.0	  -9   -9  -22
07 28 39	+36 20.4	 083.0	  -9  -10  -22
07 31 25	+32 00.0	 068.3	 -10   -4  -10
07 31 25	+32 00.0	 068.3	  -4   -3  -13
07 31 26	+31 58.8	 068.3	  -4   -3  -15
07 31 55	-22 11.2	 048.0	 -38  -48   -3
07 36 41	+05 21.3	 285.8	  +5   -8  -19
07 36 48	+02 18.2	 070.0	  -4  -17  -12
07 37 29	-03 28.7	 074.3	 +27   +0   -8
07 37 33	-03 29.0	 074.3	 +21   -5   -6
07 38 01	+49 20.4	 046.5	 -11   +2   -5
07 38 02	-17 17.4	 112.0	 +56   +3  +28
07 41 24	-45 02.7	 054.1	 +34  -30  -34
07 42 04	+03 40.8	 161.1	 -20  -23  -10
07 42 11	+70 19.9	 029.8	  +2  -23  -20
07 42 16	+28 08.9	 100.3	 -16   +4  -25
07 42 25	+02 15.7	 036.2	 +30   -8  -11
07 43 43	-34 04.4	 062.5	-151  -56  +36
07 45 15	+20 30.4	 066.7	 +16 -103  +81
07 48 07	+80 23.7	 060.5	  -9   +9  -37
07 48 31	-59 15.0	 042.3	 +48   -8  +23
07 49 20	+00 08.1	 113.8	 -19  -57   +7
07 49 27	-13 45.8	 062.7	 +28   +3  -20
07 50 22	+30 45.7	 044.1	+251 -170  -90
07 50 24	-34 34.7	 069.9	 -28  -18   -5
07 51 59	+19 22.5	 035.5	 +35  -51  -17
07 52 03	-01 16.8	 051.9	 -86  -63   -5
07 54 47	+41 26.9	 123.5	 +10  -26   -3
07 55 25	-00 40.7	 052.9	  -5   +6  -15
07 55 57	-25 29.2	 051.2	 +35  -12  +17
07 56 37	+20 59.3	 028.0	 +46  -53  -15
07 56 45	-34 48.7	 041.8	 -44   -9  -26
07 56 52	-60 10.1	 063.0	 +12  -24  +34
07 57 27	+29 22.0	 051.5	 -13 -103  -35
07 57 28	+13 56.2	 055.9	 -26  -26   -6
07 58 15	-39 53.5	 059.1	 +72  -25   +7
08 00 53	+44 06.2	 019.2	 +10   -4  +11
08 02 29	+34 13.4	 054.5	 +11  -22   +5
08 04 28	+07 31.8	 048.4	  -6  -30   -4
08 04 58	-29 15.2	 051.5	 +48   -1   +8
08 05 11	+69 52.2	 046.0	 +28   +2   +9
08 05 46	+32 58.2	 035.4	  -5  -17   -6
08 08 11	-61 09.0	 053.0	 +18  -16  -31
08 08 21	-13 39.1	 048.8	 -35  -19  -12
08 08 15	-13 39.9	 048.8	 -35  -20  -11
08 08 31	+32 36.9	 043.7	 -51  -64  -43
08 08 42	-52 49.7	 046.0	 -60  -80  -24
08 09 11	+08 59.7	 148.0	+106 -124  -48
08 10 25	-07 03.1	 041.3	 +26   +7   +3
08 10 50	-13 45.5	 054.8	  +5  -37  -37
08 11 10	-40 23.0	 041.7	 +19  -44   +8
08 15 05	+30 46.1	 046.3	 -20  -79  -37
08 16 01	-12 27.7	 079.3	 +29  -62  -10
08 16 26	-15 02.7	 048.8	 -24  -49  +13
08 16 41	-36 30.2	 055.8	 -13   -2   -3
08 17 02	+27 22.9	 063.8	 -25  -35   +9
08 18 08	+14 14.0	 035.8	  -8  -30  -11
08 19 41	-39 32.9	 059.4	 -34  -42   -5
08 19 51	-76 45.7	 057.4	  -6   +6  +16
08 20 34	+22 00.9	 030.7	 +46  -23   +4
08 22 03	+32 46.9	 039.5	 +72 -116  -66
08 22 05	-03 35.3	 055.0	 -56  -50   +7
08 23 46	-29 45.7	 053.4	 +44  -33   -7
08 24 08	+45 49.4	 046.5	 +20  -35  -22
08 25 12	-65 58.2	 039.8	 +18  -20  -20
08 25 20	+20 18.9	 044.8	-113 -107  +29
08 26 53	+26 57.2	 275.8	  -6   -6  -21
08 27 32	+32 52.4	 045.4	 +45  -43  -58
08 30 54	-31 20.4	 082.3	 -75   +5  -25
08 31 36	-23 11.1	 039.0	 -44   -4  -12
08 31 55	+67 28.1	 067.3	 -51  +16  -54
08 33 12	+06 47.7	 043.7	 -22  -24   -5
08 33 12	+06 47.9	 043.7	 -23  -27   -5
08 34 47	+65 11.7	 072.2	 +10   +0  -10
08 35 31	-39 58.3	 058.0	 -16   +4  -18
08 36 57	-22 29.4	 063.3	 -52  -27  +14
08 37 07	+11 42.4	 050.7	 +20  -33  -32
08 37 15	+43 17.8	 062.9	 -54  -20  +23
08 37 32	-06 17.7	 034.8	 +16   -4   +0
08 38 49	-23 17.3	 101.3	 -25  +69   -5
08 39 36	-32 46.9	 112.3	 -73   +7   +1
08 40 02	+09 44.7	 066.8	 +11  -51   +4
08 40 09	+09 44.5	 066.8	 +10  -52   +5
08 40 22	-42 44.9	 048.8	 -14  -21  -31
08 41 26	-38 42.4	 095.9	 -25  -10   -1
08 41 53	+41 51.8	 056.3	  +2  -53  -37
08 42 37	-42 28.0	 048.8	  -2   +3   -1
08 42 58	-42 26.9	 046.0	 +27   -9  -21
08 43 19	-54 31.5	 049.8	  +7   -2   -3
08 47 34	+66 19.1	 057.4	 +23   -2   -8
08 48 02	+08 03.1	 058.8	  +3   +6   -9
08 49 37	+28 31.4	 076.4	 -37  -18   -9
08 49 42	+28 30.5	 076.4	 -36  -18  -10
08 50 40	+35 25.0	 041.1	 -46  -34   +9
08 50 44	+70 59.4	 088.4	 -83   +9  -24
08 50 44	+70 59.4	 088.4	 -84   +8  -24
08 51 50	-05 14.6	 088.6	 -32  -21   -3
08 52 32	+01 45.1	 064.3	 +41  -58  -33
08 52 47	-24 12.3	 065.3	 -45  -52   +1
08 54 21	+11 50.7	 065.5	 +15  -15  -17
08 55 27	+19 57.4	 191.3	 +10  +13  -37
08 55 44	+20 44.6	 039.1	 +93   -6  +23
08 55 48	+48 14.4	 071.3	 -28  -13  -16
08 55 48	+48 14.4	 071.3	 -32  -12  -12
08 56 23	-15 56.5	 025.5	 -49  -94  +63
08 57 24	+41 58.9	 066.3	 -42  -17   -6
08 57 52	-47 15.0	 072.8	 -56  -20   +4
08 58 11	+05 26.6	 042.0	 +15   +5  -48
08 58 13	+05 26.4	 042.0	 +15   +5  -48
08 58 11	-58 53.5	 053.0	 -27  -15   +2
08 58 31	+15 28.0	 055.0	 +10  -19  -24
08 58 31	+15 27.9	 055.0	 +12  -23  -25
09 01 40	-66 11.8	 049.4	  +8   -3   -7
09 04 20	-08 36.5	 074.0	 -39  -19   +9
09 05 22	+73 36.9	 048.6	  -4  -37  -18
09 05 51	+26 50.2	 041.5	 -10  -44  -12
09 06 01	+67 20.4	 054.0	  -2   -9   +0
09 06 26	-25 38.2	 043.4	 -41  -33  -26
09 06 29	+33 01.9	 047.2	 -23  -56  -23
09 09 03	-45 06.2	 045.2	 -15  -18  -11
09 09 03	-45 06.2	 045.2	 -16  -26  -11
09 09 34	+15 11.9	 045.6	 -78   -1   -2
09 10 25	+61 37.9	 043.7	  +9   -8   -9
09 10 59	+52 54.1	 162.5	 -43  -14  -21
09 11 01	+52 54.2	 162.5	 -44  -16  -20
09 11 57	+77 27.2	 041.6	 -81   -4  -88
09 12 17	+04 39.0	 048.9	 -17   -8   +2
09 12 36	+54 13.8	 040.7	 +18   +3  -10
09 13 45	-37 12.2	 062.5	  +1   -6   +2
09 14 56	+28 46.7	 058.2	 +23  -36  -16
09 16 36	-68 28.7	 056.5	  +1  -28  -24
09 16 44	-57 34.0	 029.5	 -38  -32  +23
09 16 54	+01 06.6	 050.0	 -29  -44   +6
09 17 22	+26 56.9	 048.3	 +75  -45  +47
09 18 16	-05 32.4	 049.3	 -37  -36  -15
09 19 17	+40 25.2	 054.1	 +10  -32  -52
09 20 24	-60 04.2	 099.4	 -29  -38  -27
09 21 06	+80 48.2	 058.1	  -3  -42   +6
09 21 35	+76 09.1	 057.6	 -25  -12  -23
09 22 49	+18 53.5	 060.5	 -48  -61  -79
09 25 18	-05 51.1	 032.0	 -35  -47  +11
09 25 18	-05 51.1	 032.0	 -34  -45  +10
09 26 25	-07 08.5	 059.8	 +16  -42  -33
09 26 37	-02 33.0	 070.4	  +2   -9  +11
09 26 37	-02 31.9	 070.4	  +3   -9  +12
09 27 19	+05 52.4	 088.6	 -37  -13   +1
09 27 37	+63 16.9	 039.8	 +17   +0   +1
09 28 12	+00 33.0	 098.4	 +11   +6  -54
09 28 44	-40 14.8	 064.2	 -14   -9   -5
09 28 53	-13 16.1	 107.9	 +19   -3  +27
09 28 54	+36 32.9	 065.5	 -21  -42   +3
09 29 31	+51 54.4	 069.1	 -61  -37  -27
09 29 50	+27 12.8	 053.6	 -11  -25   -5
09 30 01	-10 57.8	 062.3	 -22   -9   -9
09 30 06	+70 03.1	 040.4	 +14   -6  -26
09 30 54	-20 53.6	 050.6	  -7  -14   +5
09 32 40	+36 02.2	 087.0	 -38  -17  -16
09 33 43	-21 25.4	 111.6	 +49  +53  -49
09 34 22	+22 55.3	 007.1	 +17   -5  -39
09 37 49	-40 50.7	 097.6	 -36 -140  +18
09 38 22	+70 15.9	 074.1	 -41  -16  -16
09 38 30	+13 26.4	 080.3	 -30  -18  -20
09 38 39	+70 16.3	 090.0	 -34  -13  -13
09 39 59	-23 41.4	 082.0	 -34  -28   +8
09 40 17	+42 55.9	 050.5	 +14  -78   -1
09 41 42	+76 17.3	 063.5	  +0  -75  +25
09 41 58	-27 32.4	 051.2	  -9  -22   +7
09 42 37	-45 32.3	 108.8	  +4  -63  -26
09 45 22	+46 15.3	 075.3	  +8   -4  +13
09 47 02	-52 23.1	 044.5	 -37   -9   +2
09 48 40	-12 04.5	 084.8	 +72  -91  +23
09 49 05	-43 15.7	 103.2	 +29  +10   -4
09 49 37	+03 27.4	 039.4	 -51  -19  -19
09 50 04	+03 22.0	 052.7	  -8  -11   +4
09 52 29	+63 02.0	 098.3	 -24  -22  +12
09 54 09	-40 32.9	 067.6	  -9  -60  -10
09 54 38	+41 17.7	 038.7	  -3   -4  -14
09 55 00	+24 47.5	 041.2	 -58  -59  +39
09 56 34	-46 10.7	 069.1	 +49  -41   -2
09 57 02	-49 45.8	 044.7	  -9  -40   -4
09 57 13	+24 47.6	 029.7	 -24  -11   -4
09 58 08	+32 10.2	 064.5	 -57  -45  +20
09 59 01	-30 09.5	 073.3	 -88  -54   +4
09 59 14	+48 21.1	 068.0	 -25 -106  -16
09 59 23	+44 49.3	 052.6	 -47  -14   +8
10 04 22	+03 12.6	 042.2	  +5   +2  -17
10 04 29	+35 29.4	 047.8	 +14   +2  -11
10 06 24	+75 23.0	 054.2	 +48   -5  -31
10 07 22	-35 36.7	 046.7	 -37  -42  -15
10 07 40	-36 30.8	 046.2	-102 -101  +52
10 08 19	+49 42.5	 213.2	  -9  -20  -35
10 09 31	-02 25.8	 117.3	 +17  -42  +25
10 09 46	-03 29.7	 116.7	  -3  -13   -3
10 09 47	-18 22.2	 070.4	 -28   -5  -21
10 10 44	+52 45.9	 054.6	 +25  -96  +12
10 10 56	-47 13.8	 065.2	 -44   -6   -1
10 11 12	-32 47.1	 053.7	 -31  -44   -1
10 11 15	-07 08.2	 040.9	 -52  -17  -20
10 11 32	+03 24.3	 042.9	 +78  -36  -24
10 11 35	+21 19.7	 033.9	  -5  -20   +1
10 14 20	-11 42.2	 089.7	  +4   -8  -43
10 14 30	+23 21.5	 060.8	 -42  -25  +12
10 14 30	+23 21.5	 060.8	 -42  -25  +12
10 15 50	+44 18.2	 026.2	 +14  -30   +2
10 16 54	+20 07.3	 203.9	 -15   -8   +3
10 17 01	+19 43.5	 050.9	 -14  -26  -11
10 18 25	-15 13.9	 046.2	 -68  -50  +54
10 19 13	+41 29.0	 047.4	  -3  -16  -10
10 20 03	+15 35.9	 040.0	 -33  -28   -8
10 20 33	+65 49.2	 041.8	  +0   -4   -1
10 20 37	-59 55.1	 055.0	 +50  -11  -17
10 22 44	-09 58.6	 079.9	 -39  -11  -16
10 23 24	-73 46.6	 058.4	  -2   +5   -1
10 24 59	+49 03.2	 051.9	 +17  -77  +18
10 25 10	+82 48.9	 045.5	  -9   +3   -4
10 25 43	-06 20.5	 030.3	 -26  -53  -23
10 26 23	+01 06.4	 136.2	  -7  -29  -16
10 27 14	+56 15.4	 072.1	 -15   -3   +2
10 27 26	+56 14.3	 078.0	 -14   -2   +2
10 28 15	+84 39.4	 066.1	  -3  +10   +2
10 28 27	+45 47.5	 067.6	 -41  -46   +7
10 28 30	+57 22.2	 048.1	  -9  +13  -14
10 29 25	-53 27.7	 047.8	 -37  -30   -2
10 33 28	+05 22.7	 073.0	 -44  -17   -2
10 34 03	-11 57.7	 044.0	 +60  -31  -33
10 38 53	+37 52.6	 096.2	 -61  -36  -24
10 42 30	+38 46.4	 081.5	  -2   +8   -5
10 42 30	+38 46.4	 081.5	  -2   +8   -6
10 43 19	-18 50.5	 077.3	 -77  -80  -60
10 44 38	+21 45.7	 053.1	 -41  -25  +14
10 45 41	-11 03.1	 221.0	 +29  -11  -18
10 48 19	+07 05.1	 145.1	 -10  -28  -22
10 50 39	-20 21.5	 043.9	  +1  -12  -41
10 50 40	+76 19.9	 056.1	 -37  -17  -54
10 51 03	-19 52.1	 052.3	 +18   -6  -15
10 51 12	-44 08.7	 057.2	 -18  -12   -8
10 51 27	-58 35.2	 057.0	  +7   -6   +4
10 51 50	-30 53.3	 041.7	 +16  -99   +4
10 54 06	+07 19.2	 418.3	 -26  -44  -19
10 54 21	+69 51.8	 041.4	 -66  -12  -30
10 56 40	+40 41.9	 071.9	 -24   -3   +1
10 57 25	+23 06.3	 144.6	  -9  -12   -4
10 58 47	+15 17.0	 039.8	 +30   -7  -57
10 58 50	+56 39.1	 046.3	 +13   +2   -8
10 59 57	+22 14.2	 090.9	 +12   +3  -10
11 00 37	+36 18.3	 397.3	 +46  -53  -74
11 02 55	-27 01.4	 040.3	 -17  -24   +0
11 03 00	+43 47.0	 188.8	-132   -6  +12
11 04 29	-62 09.2	 053.7	  -4   +1   -1
11 05 31	-29 54.1	 049.5	 -34  -31  -23
11 05 28	-04 52.9	 020.6	 +20   -9  -44
11 05 43	-27 59.8	 048.4	 -35  -28  -11
11 07 07	-24 19.3	 102.1	 -22  -17  -32
11 07 20	-42 11.2	 040.5	 +45   -1  -12
11 08 20	+30 43.2	 073.2	 +43   +2   +0
11 08 18	+30 43.2	 073.2	 +43   +1   +1
11 08 35	+43 41.7	 061.0	 -30  -48  -21
11 08 35	+43 41.7	 061.0	 -27  -49  -29
11 08 43	-10 41.2	 051.0	-119  -22  +29
11 09 01	-14 42.7	 054.8	 +79   -1  -16
11 09 12	-22 33.1	 052.3	  +5  -10   -3
11 09 33	-25 51.8	 024.0	 +34  -42  +34
11 11 27	+20 47.9	 045.6	 +24   -2  -15
11 11 57	+73 44.8	 081.6	 -24   +1   -7
11 11 57	+73 44.8	 081.6	 -25   +2   -7
11 12 50	-17 51.7	 063.6	 +37  -30  -31
11 12 51	-17 51.6	 063.6	 +37  -40  -23
11 12 46	-17 50.6	 063.6	 +37  -40  -23
11 13 12	+53 02.7	 054.1	 +43   +8  -29
11 13 12	+53 02.9	 054.1	 +46  +10  -28
11 14 03	-57 17.5	 076.7	-183   +9   +8
11 14 42	-01 42.5	 047.5	 -72  -33  -28
11 15 31	+31 48.6	 130.5	  -3  -33  -21
11 15 31	+31 48.6	 130.5	  -3  -33  -19
11 15 47	-04 47.5	 051.6	 +82   +9  +31
11 17 29	+66 07.0	 114.0	-137  -10   -2
11 18 57	-20 10.7	 063.5	 +18   -6   +2
11 19 12	+18 27.9	 026.2	  -9  -16  -12
11 19 20	-12 56.6	 070.2	 -27  -37   +6
11 21 13	+08 50.1	 039.4	-104  -50  +23
11 21 39	+21 38.1	 074.2	 -60  -26  -17
11 22 18	+40 16.7	 026.2	 -11   -8   +0
11 22 29	-61 22.4	 090.9	 -21  -14   -5
11 22 29	-61 22.4	 090.9	 -21  -14   -5
11 23 33	-63 41.8	 040.9	 -31   -7  -19
11 24 13	+03 17.1	 060.4	 -57  -12   -9
11 24 14	+03 16.7	 060.4	 -57  -10  -11
11 27 28	-51 23.3	 051.1	 -28  -18   -2
11 28 18	-56 51.5	 047.2	 -48  -18  -14
11 28 22	+63 26.0	 035.1	  +8   +0   -3
11 29 08	+22 56.5	 056.7	 -41  -17  -20
11 29 10	+14 38.6	 021.6	 -23  -32  -21
11 29 10	+14 38.6	 021.6	 -22  -30  -26
11 29 23	-40 46.3	 094.3	 -56  +60  -25
11 29 32	+61 21.6	 043.9	 +23  -26  -34
11 31 48	+03 20.3	 044.0	 -14  -21  -10
11 32 03	-32 34.0	 101.7	 -49  +20  +13
11 32 58	-32 15.1	 090.5	 +22  -40  -24
11 34 00	+39 28.3	 034.1	 +69  -22  -19
11 36 07	+45 23.1	 049.9	 -56  -29  -36
11 36 06	+45 23.1	 049.9	 -53  -31  -36
11 36 21	+42 36.0	 017.9	 -30  +34   +1
11 38 25	+34 29.0	 116.0	  +7  -15   -4
11 38 37	-44 07.9	 079.8	 -35  -25   +6
11 38 39	-28 55.3	 031.7	 -58   +3   +6
11 39 14	+05 25.5	 047.3	 +38  -33   +7
11 39 31	+26 59.8	 098.8	 +45  -20  +18
11 40 49	-51 33.3	 119.0	 +30   +9  -13
11 43 08	+72 22.3	 047.7	 +12  -10  -21
11 44 08	-13 43.6	 082.0	 +42  +82 -107
11 44 08	-40 13.7	 097.1	 -68  -40   +4
11 44 35	+78 57.7	 191.5	 +67  -56  -74
11 44 45	-30 00.3	 062.9	  -9  -27  -16
11 45 09	+01 06.0	 301.1	 +18   +6  -33
11 46 31	+14 51.1	 078.9	 -23  -19   -9
11 48 05	+02 02.8	 098.8	 +37   +3   +6
11 48 29	+48 40.1	 121.8	 -28  -66  -32
11 48 33	+35 32.8	 123.5	 -12   +6   -3
11 49 02	+35 28.1	 044.6	  -6   -8  -11
11 49 48	+10 13.5	 018.2	 -27   -9   +6
11 50 06	+38 04.7	 116.0	+265 -149  -18
11 50 43	-07 05.3	 082.2	  +8  -40   +2
11 51 18	+07 17.3	 070.6	 +50  -14  -71
11 51 55	-37 28.3	 050.9	 -53  -10   -7
11 51 59	+19 41.4	 051.6	 -70  -39  -12
11 52 02	+19 42.4	 051.6	 -70  -38  -12
11 52 29	-55 48.9	 044.3	 +56  -32  -16
11 52 29	-55 48.9	 044.3	 +58  -36  -15
11 55 27	-27 25.2	 101.9	 -19  -74   -6
11 58 10	-10 09.7	 078.2	 +19  -16  -17
11 59 13	-34 22.3	 045.5	 -31  -11   -7
12 01 04	-42 08.7	 037.1	 +56  -18   +6
12 02 40	+09 00.6	 040.4	 -25   +4  -33
12 04 15	-64 20.1	 051.6	  +8   -6   -4
12 05 50	-24 27.0	 070.7	  +7   -1   +0
12 05 52	-00 12.2	 069.1	 -54  -37   -9
12 06 53	-11 34.6	 043.3	 +38   +1   -3
12 06 55	-11 34.5	 043.3	 +38   +2   -4
12 07 07	+40 31.9	 032.9	 -26  -20   -3
12 07 20	-45 55.7	 048.3	 -29  -14  -15
12 08 59	+53 42.1	 019.3	 -12  -20   +7
12 08 58	+53 41.9	 019.3	 -10  -22   +0
12 09 29	+13 32.7	 041.4	  +1  -81  +75
12 09 36	+59 12.3	 044.7	 +14   -1  -11
12 09 50	+54 45.7	 075.1	 +17   +5  -16
12 09 57	-02 48.7	 046.5	 -71   -7  +24
12 10 24	+10 19.2	 040.6	 +47  -22  -18
12 10 53	+10 32.4	 147.5	  -2   -3   +2
12 12 58	+57 18.6	 056.5	 +12   -1  -11
12 14 20	+03 14.6	 046.0	 -71  -13   +7
12 15 21	+46 54.1	 049.5	 -54  -39  +11
12 16 56	+28 39.5	 049.8	 -56  -26   -9
12 17 47	+26 16.7	 059.4	 -11   -5   +6
12 19 25	+42 25.1	 079.5	 +19  -19  +24
12 20 45	+64 18.2	 055.5	 -56   +0  -17
12 21 21	+12 51.6	 049.3	 +11  -15   +2
12 22 01	+31 33.4	 053.2	 -16   -7   -6
12 22 13	-17 56.0	 112.1	 +96  -71  -23
12 22 25	-03 56.7	 054.7	  +7  -43  +29
12 26 39	-30 33.6	 042.5	 +83  -14  -51
12 26 58	+53 49.5	 045.9	 -88  -86  -95
12 27 10	-03 03.0	 050.3	  -1  -56  -30
12 27 30	-13 07.0	 047.4	 -19  -16   -3
12 28 46	+09 05.6	 066.8	 -18  -59   +3
12 29 29	-15 55.2	 054.8	 -30  -22   -7
12 30 39	-68 28.5	 076.3	 -29  -15  -22
12 30 51	+09 17.6	 232.2	 -91 +152 -526
12 31 20	+33 39.6	 053.8	  +5   -3  -42
12 31 22	+41 37.7	 114.7	 -32   -4   +1
12 31 25	-14 21.8	 032.1	 -46  -39   +0
12 32 30	+10 06.5	 069.4	 -11  -40  +23
12 33 15	-45 39.2	 078.8	  -1   -2  -44
12 33 45	-76 40.7	 053.8	-174  +18   +6
12 35 11	-51 43.6	 121.1	 -33  -23   -1
12 35 44	+79 29.4	 052.3	  -8  -21  -13
12 36 02	-49 32.5	 060.4	 -64  +23  -25
12 36 25	+11 58.4	 080.2	 -51  -45  -11
12 36 40	-77 34.4	 034.0	 -52  -70  +23
12 38 08	-43 18.4	 046.2	 -69  +22  +22
12 38 35	+15 39.4	 066.7	 +24  -24  +18
12 39 07	-01 10.5	 098.7	 -28   -6  -18
12 39 07	-01 10.5	 098.7	 -28   -6  -18
12 41 59	+52 02.1	 063.1	 -21  -23  +14
12 42 38	+39 33.0	 063.5	 -39   +8  +76
12 43 55	-11 32.4	 027.8	 -32   -3  -10
12 44 54	+31 29.4	 056.7	 +18  -26   +1
12 45 29	+10 01.9	 115.6	 -22  -41  +12
12 46 21	+25 06.8	 040.3	 -18  -22   -9
12 46 29	+60 35.5	 040.8	 +16   +1   -9
12 47 04	+66 23.0	 116.2	 -12  -14   +0
12 47 12	+01 28.3	 040.2	 +46  -97  -49
12 48 05	+71 27.6	 039.0	  +5  -94  -28
12 48 10	-00 29.4	 083.1	 +11  -21   -5
12 50 26	+34 00.5	 078.7	 -24  -15  +11
12 50 37	-03 16.9	 040.7	 -31  -17   -6
12 50 40	-39 54.4	 054.1	  +4   +4   -3
12 52 11	-43 52.7	 042.8	  +1  -45  -13
12 55 07	-14 11.6	 061.7	 -21  -16   +6
12 55 19	+35 29.8	 047.4	 -13  -23   -5
12 55 18	+35 29.6	 047.4	 -13  -23   -1
12 56 28	-09 34.0	 060.4	 -84  -41  +23
12 57 45	-02 26.1	 059.4	 -58  -31  -10
12 58 05	+05 57.1	 122.8	 -44   -2  -33
12 58 19	+12 38.7	 089.9	 -32  -20  -10
13 02 04	-52 09.8	 049.3	 -38  -89  -66
13 03 49	+20 59.7	 058.3	  -7   +1   -1
13 03 49	+20 59.7	 058.3	  -7   +1   -2
13 03 57	+22 53.0	 043.5	  +5   -3   -6
13 06 19	+05 29.0	 045.6	 +51  -58   -1
13 07 00	-21 55.3	 076.3	  +9   +1  -25
13 07 33	+17 47.6	 051.7	 -41  -10   -6
13 07 33	+17 47.6	 051.7	 -44   -9  -22
13 08 18	+36 12.0	 046.9	  -5   -4  -15
13 09 15	-37 32.3	 057.1	 -35   -6   -1
13 09 32	+28 07.9	 119.8	 -46  +10   +7
13 10 04	+74 07.2	 041.9	 -16  -41  -28
13 11 08	-58 50.2	 052.2	 -57  +38  -16
13 11 26	+56 56.7	 050.5	  +5   -9  -15
13 11 34	+56 58.4	 048.4	 +15   +3   -8
13 13 16	-19 40.7	 046.9	 +45   -8  +12
13 14 14	+28 08.0	 062.8	 -54  -20  -11
13 14 18	+09 41.1	 074.2	 -31   +2  -20
13 14 22	+17 17.0	 084.0	 +37   +7   +1
13 14 22	+17 17.0	 084.0	 +37   +7   +3
13 15 41	+36 34.0	 042.7	 +11  -24  +28
13 15 47	-18 02.0	 112.1	 -25  -50  -33
13 16 45	+85 00.9	 043.4	 -33  -11   +3
13 17 14	+35 23.0	 079.9	 +46  -25   -1
13 17 14	+35 23.0	 079.9	 +46  -25   -4
13 17 22	+33 36.6	 050.6	 -10  -23   -8
13 17 36	+48 02.4	 103.0	  +6   +2   -3
13 17 47	-36 26.9	 060.6	 -20  -19   -3
13 18 38	+34 32.7	 051.1	 +45   +2  -25
13 21 14	+29 29.7	 053.2	 -50  -13  -34
13 21 55	+55 11.2	 041.4	 +13   +4   -5
13 21 56	+55 10.9	 041.4	 +14   +1   -8
13 23 04	-28 06.8	 069.6	 -30  -13   -9
13 23 14	+55 14.9	 041.0	 +13   +3   -9
13 23 56	-24 02.0	 040.9	 -45  -34  -10
13 24 17	+63 31.0	 026.9	 -25  -24  -31
13 24 47	-15 42.9	 057.3	 -15   +1   -6
13 25 46	-02 05.6	 083.8	  +3   +1  -50
13 25 59	+14 02.7	 043.2	  +7  -26   +1
13 26 52	+11 42.9	 051.8	 +94  -73   +4
13 27 27	+10 39.0	 138.7	 +54   -8   -3
13 27 40	-08 18.6	 061.6	 -55  -72  -14
13 29 08	-02 03.8	 038.5	-101  -15  -19
13 30 18	+17 04.2	 063.0	 +24   +0   -8
13 30 18	+17 04.2	 063.0	 +24   +0   -7
13 31 36	-38 38.8	 042.6	+105  -43  -26
13 31 49	+04 55.5	 034.7	 +20   -4   +7
13 31 52	+75 15.7	 041.1	 -38  -57  -18
13 32 07	-08 05.1	 049.0	 -27  -12  -20
13 32 10	-00 20.4	 036.9	 -36  -16   -4
13 34 01	+74 45.3	 042.4	 -48  -45  +13
13 34 55	+30 20.3	 047.3	 -14   -7   +6
13 34 57	+30 20.4	 047.3	 -15   -7   +7
13 35 13	+35 58.4	 101.9	 +12   +3  -17
13 35 49	+48 23.6	-012.3	  -7  -33  -18
13 37 20	+46 26.0	 082.9	 -13   -9  -67
13 37 33	-03 56.4	 072.2	 -32   +7  +26
13 38 08	+44 01.3	 062.1	 -78  -49  -30
13 38 24	+50 46.3	 049.4	 -16  -10  -11
13 38 26	+50 46.1	 049.4	 -16  -12  -12
13 39 22	+00 07.7	 075.8	 +28  -53  +23
13 42 30	-04 22.1	 044.8	  -8  -23   +1
13 42 39	+18 03.7	 079.6	 +91  -70   -4
13 42 50	-32 47.5	 047.0	 -46  -23  -14
13 43 12	+15 09.7	 184.0	 +62   -2   -3
13 44 53	+17 42.3	 060.4	 -29  -17   -8
13 46 02	-35 27.2	 040.2	 -49  -60   -5
13 46 02	-35 27.2	 040.2	 -49  -60   -5
13 46 47	+27 13.7	 085.1	 -19  -22  -15
13 46 47	+27 13.7	 085.1	 -19  -22  -15
13 47 05	-21 51.4	 077.1	 -94  -68  -22
13 48 35	-24 08.4	 056.4	 -26  -42   -6
13 49 27	-50 40.5	 074.1	 -52  -12   +3
13 49 42	+26 53.0	 076.0	  -5   -6  -19
13 50 01	+50 11.9	 068.6	 +32   -7  -44
13 51 02	+13 11.8	 071.0	 +19  -42   -3
13 51 29	+65 52.5	 045.5	 -23  -78  -16
13 52 18	+18 38.9	 104.7	  +8  -15   -1
13 54 01	+79 05.7	 053.0	 -22  -11   -2
13 55 43	-33 45.2	 046.5	  -9 -118   -7
13 57 00	+23 06.7	 049.0	 -28  -16  -51
13 59 34	+15 44.1	 045.7	 +10   +8  -15
13 59 34	+15 44.1	 045.7	 +16   +9   +1
13 59 54	+13 55.9	 015.4	  +7   +0  -15
14 00 32	+46 34.9	 089.1	 +24   +2  -45
14 00 32	+46 34.9	 089.1	 +24   +7  -33
14 01 05	+11 01.8	 065.8	 +13  -12  -19
14 03 31	-26 26.5	 050.0	 +24  -19   +3
14 03 44	-36 07.5	 058.5	 -25  -48  -24
14 03 48	-74 36.9	 039.3	 -24   +2  +27
14 06 27	-61 16.6	 042.5	 -26  -79  -56
14 06 34	-30 41.5	 044.5	 -40  -39  -11
14 08 07	+25 19.7	 040.1	  +6   -6  +11
14 09 05	-12 22.5	 009.1	  -9  -33   +2
14 09 12	+80 50.4	 058.2	 +35   +4  +32
14 09 39	-00 21.2	 039.7	 -96  -23   +3
14 09 54	-27 01.6	 046.7	 +18  -16  +12
14 13 04	+04 54.0	 071.8	  -7  -70   +0
14 13 23	+19 26.5	 091.2	 +25 -116   -3
14 13 23	-05 45.8	 046.6	 +27  -36  -12
14 14 24	+51 35.8	 046.0	 -21  -15  -14
14 14 26	+51 36.4	 046.0	 -20  -17  -15
14 14 29	+46 19.0	 040.8	 -29   -6   -5
14 15 30	-59 08.3	 104.9	 -33  -12  -29
14 16 10	-25 35.4	 046.8	 -54   +6  +36
14 16 20	-06 22.1	 041.8	 +24  -40  -18
14 16 36	-07 03.8	 054.1	 -97  -88  -79
14 16 51	+13 14.0	 040.4	 +10   +5   -8
14 17 00	-04 55.2	 052.6	 -39  -43   +6
14 17 29	-09 22.8	 091.1	 +42  -73  +39
14 18 20	-40 09.9	 042.4	 -32  -40   +8
14 19 48	+29 51.7	 069.1	 -23  -53  -20
14 20 42	+01 28.5	 057.9	 +21  -15  -39
14 23 24	+23 51.4	 063.7	 +98  -22  -21
14 23 27	+23 51.6	 063.7	 +98  -21  -21
14 23 30	+52 04.9	 070.0	  +8  -28   +4
14 23 29	+52 03.7	 070.0	  +9  -28   +4
14 24 10	-51 42.6	 056.6	 -22  -37  +25
14 25 31	+24 03.8	 050.2	 -92  -61  -19
14 25 37	-02 00.3	 044.6	 -16   -9   -3
14 25 37	-02 00.3	 044.6	 -14   -9   -1
14 26 19	-62 28.1	 771.8	 -25   -2  +13
14 26 37	+33 24.6	 095.0	 +10  -43  -11
14 26 40	+46 07.8	 045.0	 -73  -87  -28
14 27 11	+15 44.2	 056.9	-125  +27  +64
14 27 39	+42 01.2	 030.1	 +22   -3   -1
14 28 12	-08 25.3	 066.1	 -70  -65   +5
14 28 34	-15 24.8	 039.4	 +73  -33  -48
14 28 42	+35 40.3	 054.8	 -52  -25   +7
14 29 21	+59 56.2	 103.3	 -33   -8  +27
14 29 48	+11 34.2	 041.5	 -27  +22  -31
14 31 35	-12 18.6	 159.0	  -7   +3  +21
14 31 51	+53 07.4	 069.8	 -21   +6   +9
14 32 30	+29 57.7	 064.1	  +2  +16   -5
14 32 55	+33 57.7	 038.8	 -91  -58  -14
14 33 32	-67 42.7	 049.2	 -60  -12  -13
14 35 54	+18 30.9	 045.6	  -3  -10  -13
14 36 11	-60 37.8	 749.0	 -32   +4  +14
14 36 11	-60 37.8	 749.0	 -26   -1  +14
14 37 56	+64 30.4	 047.5	  -7  -35   -3
14 38 26	-64 45.5	 054.2	 -12  -21  -13
14 38 26	-64 45.5	 054.2	 -12  -21  -13
14 40 16	+19 41.5	 053.4	 -16  -32  -19
14 40 09	+19 43.1	 053.4	 -15  -30  -19
14 40 25	-05 26.5	 045.5	 +24  -18  -19
14 41 09	+26 57.7	 052.6	 -44  -40  -58
14 42 54	+17 10.5	 043.2	  -5  -10   -6
14 43 06	-25 13.9	 047.5	 -26  -18  -13
14 43 07	-25 14.0	 047.5	 -27  -14  -11
14 44 03	+16 43.1	 065.8	 +58  -49  +29
14 46 03	+38 40.6	 019.1	  +4  -21   -6
14 46 42	-25 53.8	 038.6	 -52 -100  +48
14 46 40	-25 54.0	 038.6	 -35 -108  +59
14 47 55	+07 01.3	 051.9	 -69  -68  +12
14 47 55	-15 47.4	 048.6	 -21   -5  -15
14 48 02	+24 07.0	 069.7	  +3   +7   -6
14 48 06	-15 50.1	 053.6	 -39   +2  -29
14 48 50	-24 05.6	 067.3	 -85  -40  -26
14 49 05	+19 18.4	 149.1	  +6   +1   -1
14 49 05	+19 18.4	 149.1	  +6   +1   +0
14 51 07	+19 21.2	 086.9	 -36  -14  -14
14 51 41	+23 45.5	 093.9	 -38  -28  -15
14 52 08	+16 18.3	 095.6	  +9   +5  -16
14 53 34	+82 43.2	 012.2	 +36  -27  -18
14 53 46	+53 52.5	 044.9	-116  -59  +23
14 54 32	-21 11.5	 174.2	 +50  -22  -31
14 54 31	-21 11.3	 174.2	 +47  -22  -29
14 54 34	-04 08.6	 043.2	 +16  -22  +12
14 54 42	-48 39.5	 049.2	 +25  -34  -16
14 54 43	+49 49.9	 025.9	 +28  -14  -12
14 54 59	+00 02.0	 039.7	 +19   +1  +11
14 55 30	+31 36.7	 066.1	 +75 -188  +58
14 56 14	-43 53.5	 056.4	 -17  -24  -10
14 56 29	+56 51.8	 089.4	 +35   +1  +14
14 58 01	-10 55.9	 051.6	 +26  -33  -17
14 59 09	+45 37.1	 074.3	  -9  +16  -20
14 59 42	-46 05.9	 056.8	 -66  +20   +0
15 00 57	+03 58.1	 047.0	-235  -15  +27
15 02 08	+47 50.9	 085.1	 -16  -30  -15
15 02 08	+47 50.9	 085.1	 -13  -12  +13
15 02 27	+05 50.3	 056.4	 -47  -66  -46
15 03 58	+65 00.3	 039.4	  -4  -70  -36
15 04 57	+64 14.2	 052.5	 -33  -15   -1
15 05 06	+25 03.8	 061.3	 +17   -2  -19
15 05 16	+25 07.2	 062.2	 -93  -40  -23
15 06 54	+24 12.2	 058.4	 -74  -44   -8
15 07 28	-16 08.5	 039.9	+281 -443  -41
15 07 28	-16 13.5	 039.9	+292 -446  -34
15 08 41	-51 54.6	 041.6	 -22  -14   -2
15 08 33	-51 55.1	 041.6	 -21  -12   -4
15 09 40	+18 09.0	 042.3	 -11  -87  -39
15 10 14	-00 58.5	 046.7	 -40  -88  -47
15 10 29	+19 28.1	 022.6	 -67  -28   +2
15 10 30	+19 28.5	 022.6	 -68  -29   +3
15 10 33	-25 07.3	 031.2	 -13  -29  +16
15 11 20	-01 09.5	 058.9	 -85  -98  -15
15 11 25	-03 36.9	 047.5	-148  -49   -8
15 13 35	-58 37.0	 051.6	  -2  -17   -6
15 14 03	+67 32.2	 048.3	 +52  -30  -26
15 16 50	-07 32.4	 157.9	 -22  -30   +8
15 18 25	-48 08.1	 063.1	-125  -55  +40
15 18 39	-47 44.8	 029.9	 -25  -20   -8
15 19 08	-47 44.4	 056.1	 -39  -21   -4
15 19 27	-04 35.9	 060.2	 -27  -16   +3
15 20 11	+01 36.1	 043.5	 -18  -60  -15
15 21 08	+30 28.0	 059.6	 +15   -5  -13
15 21 08	+30 28.0	 059.6	 +14   -6  -16
15 21 35	+17 39.6	 085.1	 +81  -41  +63
15 22 36	+37 33.1	 039.5	 -19  -10   +2
15 22 36	+37 33.4	 039.5	 -18  -10   +2
15 23 02	-26 31.9	 012.7	 -87  -47  +30
15 25 27	-09 10.2	 061.8	 +19  -17  -14
15 25 30	-09 10.8	 061.8	 +20  -17  -15
15 25 44	-49 46.8	 056.0	 -51   +0   +1
15 28 58	-41 05.6	 165.1	  -6  -46   -1
15 32 43	-14 37.5	 039.5	 -20   +9  -19
15 33 08	+17 52.9	 070.2	 -55  -74  +12
15 34 10	+39 59.7	 047.0	 -43  -62  -26
15 34 15	+39 58.0	 047.0	 -44  -64  -28
15 37 45	-44 29.8	 058.3	 -15  -19  -10
15 38 16	+43 39.5	 073.3	 +31  -22 -128
15 39 20	-19 18.6	 111.0	 +43 -102  +62
15 40 22	-10 46.3	 039.4	-190 -108  -34
15 41 31	+02 40.4	 050.6	 +19  -12  +10
15 41 48	+06 34.9	 049.7	  +5  +12   -4
15 42 15	+76 09.6	 075.2	 +78   -4  -34
15 44 01	+07 30.5	 083.9	 -50  -25  -41
15 44 14	-37 45.6	 073.5	 -17  -25   +4
15 44 14	-37 45.6	 073.5	 -52  -10   -4
15 45 38	+01 43.6	 033.6	 -21  -28  -15
15 47 22	-50 32.2	 050.0	 +60   +4  -39
15 48 19	+04 37.6	 038.4	  -4  +14  -13
15 48 57	+74 34.2	 034.2	 +38  -17   -8
15 49 46	+11 01.6	 047.4	  +3  -35   +8
15 50 43	-63 16.7	 082.1	 -15  -17  -11
15 50 52	+13 21.1	 041.7	 +50  -34  +18
15 50 57	+42 35.4	 057.5	 -44  +15  -71
15 53 58	+38 05.4	 043.2	 -10   +0  -11
15 54 08	+15 49.4	 084.1	 +60  -36  -26
15 54 16	-42 28.7	 058.9	 +21  -38   +7
15 55 44	+63 57.4	 044.2	 -49   -9   +3
15 56 32	+27 52.7	 044.4	 -90  -67   +5
15 56 52	-45 18.6	 044.2	 -31   -9   -3
15 57 11	+65 32.4	 042.3	 +41   +8  -14
15 57 31	-16 23.3	 033.2	 -44 -100  +13
15 58 21	-84 05.8	 049.0	 -21  -18  +29
15 59 08	+33 27.2	 040.2	 +52  -34  +21
15 59 45	+30 19.0	 061.2	 -14   -5  +25
15 59 53	+61 48.0	 042.5	 -21  -59   +7
16 00 43	+20 44.6	 099.4	 +40  -58  +35
16 00 57	+58 41.9	 048.7	 -42  -17   +7
16 01 37	-11 14.2	 041.1	 -30   -8  -13
16 01 37	-11 14.1	 041.1	 -29   -7  -11
16 01 41	-11 18.8	 043.0	 -29   -7  -12
16 01 41	-11 18.8	 043.0	 -26   -7  -11
16 01 59	+25 22.9	 054.6	 -88  -16   +5
16 02 29	-32 43.5	 041.0	 -40  -39   +2
16 02 44	-20 18.6	 058.5	 +54  -11  -17
16 02 57	-45 02.4	 033.3	 -13   +9   +1
16 03 13	+39 17.4	 080.1	 -34  -56  -22
16 03 51	-70 55.9	 047.9	 -12  -45  -19
16 03 58	+80 45.8	 046.1	  +3  -17  -12
16 04 18	+08 31.2	 036.6	 -59  -45  +20
16 04 42	+38 46.4	 056.6	 +76   +0   +0
16 04 48	+34 45.9	 049.8	 +58   -6  -14
16 05 10	+47 38.1	 042.9	 -15   -6  -15
16 05 41	-56 19.1	 075.3	 +37  -14  +18
16 08 47	+43 57.0	 061.9	 +21  -11  -15
16 09 06	+13 30.4	 054.9	 +88   -3  +43
16 09 47	-57 25.5	 069.9	 -52  -95  -29
16 10 58	+13 39.6	 051.8	 +43   -9  -11
16 10 58	+13 39.6	 051.8	 +45   -8  -10
16 12 27	+19 13.3	 056.5	-127 -123  +67
16 12 48	+33 59.0	 044.4	  -7  -30  +11
16 12 48	+33 59.0	 044.4	  -8  -32   +9
16 12 54	-08 14.3	 065.1	 +29  -16  -25
16 15 10	+71 03.4	 042.0	 +53  -18  +11
16 15 40	-04 34.3	 040.6	  -5   +9   -8
16 15 59	+55 23.8	 047.5	 +47  -23  -27
16 16 02	-28 10.2	 042.6	 -24  -27  -50
16 16 05	-50 02.1	 043.0	 -33   -1   +8
16 16 37	+67 21.5	 088.3	 -11  -32   +5
16 16 39	+67 22.6	 088.3	 -10  -32   +6
16 16 47	-37 25.4	 130.0	 +15   +3  +47
16 17 48	-04 08.9	 027.2	-122  -64  -11
16 18 12	+39 49.6	 040.9	 -14  -28   -9
16 18 56	+75 52.3	 040.7	 -27  -14  -10
16 19 12	+41 04.6	 073.6	  -6   +7   +7
16 19 32	+01 08.7	 045.3	 -44  -16  -11
16 20 38	-39 04.7	 066.4	 +17   -3   -1
16 20 10	-39 06.8	 065.5	  +8   +1   -3
16 21 32	-13 31.5	 060.2	  +7  -24   +7
16 22 39	+48 28.4	 131.7	 +22   +1  -47
16 23 04	-69 58.5	 092.4	 +12   +4   -6
16 23 18	+61 37.6	 046.2	  -8  -11   -9
16 24 14	+54 25.1	 159.3	  +6   -3  -16
16 25 32	+07 25.2	 053.6	 -21  -36  -14
16 25 43	-78 47.3	 054.1	  -4  -13   +2
16 26 40	+36 52.2	 064.0	 -65  -11  +14
16 26 41	+18 31.1	 058.4	 -58  -14  +10
16 27 31	-12 32.3	 244.7	  -6  -19  -17
16 28 08	-38 54.1	 056.1	 -62  -28   +2
16 30 23	+03 21.2	 040.8	 -47  -77   +0
16 32 05	-04 07.0	 050.9	-126  -89 -100
16 33 29	+57 14.8	 069.0	-103 -121  -34
16 33 44	-02 13.2	 095.1	  +3   +0  -30
16 34 28	+79 53.7	 044.8	 +20   -4  -13
16 34 52	+31 12.2	 060.5	 +31   -7  -31
16 35 48	+76 04.9	 050.9	 -14   +5  -26
16 37 09	-45 54.2	 104.6	 +27  -13  -24
16 37 22	+05 36.5	 039.6	 +71   -8   -4
16 37 56	-43 53.0	 054.8	 -57  -36   -3
16 38 31	-02 45.3	 045.8	 -15  -44  -38
16 38 41	-17 38.8	 043.7	 -21   -2   -5
16 39 24	+31 41.5	 099.0	 -54  -47  -26
16 40 41	+79 00.8	 046.0	  +1  -19  -11
16 42 30	-72 52.8	 067.0	 -50  -21  +16
16 42 44	+68 11.3	 048.4	 -53  -10  +18
16 43 15	+33 35.7	 103.2	 -29  -12  -16
16 43 35	-30 31.6	 040.8	 +38  -29  +11
16 44 21	+56 52.2	 044.1	  -7   -1   -4
16 45 16	-47 37.9	 018.1	 +25  -18   +3
16 46 50	+37 06.3	 052.3	 +29  -16   +4
16 47 43	+39 21.8	 014.3	 +39  +11   +7
16 47 54	+18 59.2	 036.2	  +3  -11   -3
16 48 59	+47 48.9	 042.6	  +2  -10  +10
16 49 11	+38 14.0	 027.4	  -1   +6   +3
16 50 27	+00 04.5	 060.5	 +84 -108  +10
16 51 54	+11 59.5	 058.1	 -84  -43  +25
16 52 45	-08 13.9	 171.9	  -8  -35   +0
16 52 48	-08 14.7	 153.9	 +16  -34   +9
16 52 55	-08 18.2	 153.9	 +23  -32  +12
16 54 28	-55 54.8	 041.8	  -7   -1   +0
16 55 01	+21 31.8	 043.0	 +50  -35  -19
16 55 26	-39 29.2	 073.0	 +46   +9   -5
16 55 45	+65 12.7	 052.9	  +1   -6  -27
16 56 07	+25 49.6	 105.0	 +20  -13   +1
16 56 30	+47 26.3	 057.0	 -26   -6   +6
16 56 19	+47 26.0	 057.0	 -25   -6   +5
16 58 22	-13 29.4	 058.5	 +91  -29   +1
16 59 09	-53 09.9	 031.5	  -1  -15  -12
17 01 12	+47 08.4	 061.8	 -73  -12  -35
17 01 19	-28 30.6	 069.8	 +16  -12  -14
17 02 08	+17 00.9	 057.9	+119  -13   +2
17 02 27	-04 59.0	 088.7	 +48  -68  +21
17 02 37	+59 39.0	 047.6	 -34  -80  -14
17 02 38	+59 39.2	 047.6	 -36  -80  -14
17 02 37	-05 00.7	 104.7	 +46  -55  +20
17 02 44	+00 46.5	 046.9	  +2  -29  -19
17 04 17	+54 32.1	 046.8	 -12  -15   -2
17 04 17	+54 32.1	 046.8	 -12  -17   -4
17 04 36	-41 39.3	 053.0	 -27  -27   -2
17 04 50	+88 41.8	 047.5	  +1   -9   -6
17 05 01	+21 37.1	 065.5	 -35  -49   +1
17 05 40	-60 40.4	 067.8	 +30  +27  +17
17 07 30	-15 39.9	 051.1	  -4   +9   +1
17 08 34	-43 10.5	 057.5	 -31  -10  -14
17 09 08	+54 33.4	 049.5	 +12   +6   -3
17 09 10	+54 33.1	 049.5	 +12   +6   -5
17 10 40	+45 44.8	 159.5	 +38  -32  -26
17 10 59	-08 21.4	 063.1	  -6  -47   +4
17 11 26	+42 23.7	 037.2	 +32  -82 +107
17 12 16	-26 31.8	 187.6	  +0  -31   -6
17 12 16	-26 31.9	 187.6	  +1  -30   -7
17 12 57	+24 53.5	 039.3	  -8  -37  -23
17 13 09	-26 28.6	 182.0	  +0  -31   -7
17 13 31	-12 07.4	 030.1	 +23  +13  -11
17 15 15	-46 35.1	 131.9	 +28  +19  -29
17 15 15	-46 35.1	 131.9	 +30  +18  -29
17 15 33	-34 56.2	 140.0	  +3  +17  -35
17 15 33	-34 56.2	 140.0	  +4  +17  -35
17 15 34	-34 56.5	 140.0	  +4  +18  -36
17 15 40	-75 17.7	 042.0	  +5 -127  +70
17 17 19	-05 51.9	 023.5	 -26  -16  -16
17 17 54	+26 32.8	 093.3	 -36  -18   -3
17 17 53	+26 32.8	 093.3	 -36  -19   -4
17 18 00	-21 03.7	 059.8	  -5   -4  -26
17 18 17	+41 46.5	 077.4	 +42  -20  -31
17 18 47	+32 31.9	 073.7	 +22  -80  -63
17 19 52	-14 54.4	 042.7	 -50  -31  -14
17 23 16	+02 10.2	 128.9	  +1  -53  -10
17 23 19	-24 07.9	 044.2	 -36  -12  -11
17 24 53	-46 50.6	 219.7	 -15   -5  -19
17 25 09	+67 20.9	 075.7	  +1  -50   +7
17 26 15	-51 35.7	 083.3	 -29   -5  +12
17 27 24	+29 26.0	 048.2	 +18  -29   +5
17 27 49	-01 01.4	 050.5	 -61  -47  -21
17 27 49	-01 01.4	 050.5	 -58  -45  -20
17 27 55	+05 35.4	 070.8	  +4  -10   -8
17 30 13	+34 18.3	 054.8	 -29  -48   -7
17 32 37	+12 35.7	 064.6	 +21   +1   -9
17 33 28	-44 16.6	 211.6	 -64  -11   +9
17 33 36	-49 22.6	 039.4	  -3  -23  -12
17 33 59	-54 28.2	 055.1	  -9  -10   -3
17 34 18	-42 32.0	 044.9	  -5  -22  -36
17 34 26	-37 49.8	 019.9	  +1   -9   -5
17 34 28	+61 54.8	 067.9	 +36   -5  -22
17 35 02	+61 43.1	 071.1	 +35   -5  -22
17 35 25	-43 06.9	 005.1	 -29  -27  +16
17 35 39	+18 36.4	 128.9	 -32  +34  -20
17 35 44	+22 59.1	 040.6	 +19  -18  +10
17 35 44	+22 59.1	 040.6	 +17  -20   +9
17 36 32	-49 23.2	 042.7	  -3  -10  -21
17 36 42	+68 23.1	 212.7	 +31  -21   -4
17 36 48	+03 35.0	 081.0	 +22   +1  +13
17 37 02	+71 54.4	 046.9	  +8  -15  -20
17 37 14	+68 46.9	 042.1	 -28  -15  -10
17 39 18	+71 21.2	 053.7	 -28  -10   +5
17 39 30	-08 47.3	 043.1	 -69 -117  +34
17 39 45	+65 01.5	 041.6	 -13  -10   -2
17 40 10	-51 48.6	 077.2	 -12   -4   -2
17 40 26	-21 39.6	 059.8	 +10   -6   +5
17 41 09	+21 38.4	 047.0	 +65  -26   +0
17 42 24	-57 16.9	 165.5	-120   +1  +38
17 42 25	+43 24.4	 101.7	 +24  -19  -12
17 42 49	+72 10.4	 054.9	 +25   -7   -6
17 42 51	+72 10.9	 054.9	 +25   -4   -5
17 44 11	+46 52.4	 046.4	  +4   +3   +4
17 44 30	+27 44.9	 115.1	 +17  -33   -5
17 44 28	+27 44.7	 115.1	 +18  -32   -3
17 44 39	-33 59.7	 049.3	  -2  -57  -12
17 45 16	+04 57.5	 039.4	 -62  -97  +18
17 46 45	-56 33.4	 039.1	 -53 -171 +100
17 47 53	-06 02.1	 055.4	 -19  -20   -9
17 48 12	+23 46.2	 046.6	 -84  -51  +16
17 51 22	+21 20.0	 055.0	 -11  -10   +2
17 51 22	-65 42.6	 044.9	 -50  -19  -25
17 51 55	+07 23.5	 059.8	  +0  -51  +24
17 52 56	+03 45.7	 038.4	  +2   -3  +11
17 53 34	+18 30.4	 032.3	 -16  -24   -7
17 54 59	-51 37.1	 046.3	 -28  -26  -32
17 55 10	+24 00.0	 050.0	 -22  -17   -7
17 55 23	+04 33.3	 545.3	-141   +5  +18
17 55 40	-30 09.6	 042.9	-114 -108 -101
17 56 40	+82 44.1	 061.5	-157 -300  -40
17 57 50	-03 41.3	 046.7	 -38  -13  -23
18 00 21	-08 10.9	 058.3	 -35  -15   -8
18 00 21	-08 10.9	 058.3	 -32  -13   -7
18 00 27	-08 11.9	 058.3	 -12   -6   -5
18 00 29	+26 19.2	 060.4	 +54   +6  -40
18 02 28	-03 01.9	 125.9	 +33  +14  -19
18 02 56	+02 30.6	 199.0	  +7  -20  -19
18 02 56	+02 30.6	 199.0	  +5  -21  -19
18 03 01	-36 01.5	 057.7	 +13   +5   -9
18 03 09	+04 39.4	 050.0	 -83  -84  -38
18 04 59	+09 33.3	 048.6	 -23  -12   +3
18 05 04	+15 56.5	 071.7	 +28   +7   +6
18 05 08	+30 33.2	 059.2	  -4   +0   +9
18 05 47	-62 00.9	 051.6	 +36   -2   +3
18 06 45	-12 02.8	 018.1	  +4  -18  -14
18 07 58	+38 27.2	 088.7	 +17  -31   +1
18 08 44	-43 27.1	 068.0	 -10  -21  -21
18 13 07	+18 28.9	 038.4	  -8  +11   -2
18 13 36	+64 22.8	 050.3	  -5  -17  -45
18 13 45	+13 54.1	 053.2	 +37  -16  -22
18 14 06	+45 11.6	 046.0	  -6  -62  -23
18 15 05	+45 32.0	 046.4	 -38  -28   -6
18 15 48	+26 39.0	 043.8	 -41  -16  -43
18 16 00	-45 43.1	 043.2	 +18  -37   -4
18 16 29	-45 56.5	 028.8	 -22  -10   -4
18 17 15	-01 57.7	 071.7	 -11   -7   -1
18 18 43	-02 54.8	 054.9	 +39  -65  +15
18 19 44	+06 18.9	 069.1	 -30  -61  +64
18 21 57	+72 42.7	 132.6	  +3  +39   -2
18 24 53	-25 27.1	 059.7	 -41  -20   +1
18 25 51	-58 18.1	 069.2	 -17  -24   -6
18 27 16	-01 51.0	 050.1	 -42  -33  -26
18 28 23	-18 56.5	 083.7	 -36  -25   +5
18 29 49	+79 23.0	 032.0	 -27  -35  -14
18 30 42	-11 40.3	 048.3	 -65  -63  +19
18 31 12	+22 16.9	 049.7	 +66   -4   +6
18 32 45	+51 41.0	 058.0	 +20  -17  -29
18 32 50	-44 20.7	 040.3	 -11  -22  +12
18 33 50	+45 41.8	 067.8	 -37  -11  -33
18 34 07	-25 42.6	 041.4	 -26  -24  -28
18 35 15	+38 44.2	 129.6	 -15   -5   -7
18 35 54	-21 05.7	 071.8	 +40   -3   -5
18 36 26	+20 35.1	 042.7	 +37   +8   +0
18 36 28	+42 37.2	 043.9	  -7  +49  -23
18 39 48	-50 12.8	 052.7	 -34   -8  +11
18 40 57	+04 17.3	 040.4	  -1   +1  +16
18 42 12	+59 33.3	 286.1	 -24  -12  +26
18 42 13	+59 33.0	 286.1	 -24  -10  +27
18 43 05	+43 46.8	 050.2	  -9  -44   -6
18 43 31	+20 29.8	 050.1	 +38   +0   -8
18 44 39	-50 45.4	 053.8	 -12  -16   -5
18 44 50	-03 41.5	 068.3	 +23   -8   -1
18 46 07	+10 41.7	 064.1	 +12  -22  -23
18 46 40	+17 23.2	 064.3	 +16  -45  +10
18 46 42	-20 23.0	 042.8	 -18   -1   +4
18 46 45	-23 53.5	 341.1	 -14   -1   -8
18 47 31	+03 02.1	 058.9	 +21  -32   -3
18 49 38	+16 31.8	 074.8	 +15  -34   -1
18 50 28	+52 54.6	 041.5	 -28   -2  +10
18 51 54	-37 33.5	 036.9	 -33  -32  -21
18 52 06	-22 44.1	 040.0	 +97  +25  -32
18 52 33	+10 54.6	 062.1	 -21  -15  -10
18 53 03	+08 20.3	 088.6	  -9  -10   -7
18 53 12	+04 12.1	 068.8	 +22   +4   -4
18 53 21	-56 03.1	 073.1	 -22  -20   +1
18 53 21	-56 03.1	 073.1	 -24  -19   +2
18 53 47	+23 29.7	 040.9	 +27   -1  -26
18 55 09	+32 50.2	 056.5	 -12  -39  -28
18 55 34	+05 51.4	 094.6	 +46  -39  -19
18 56 55	+30 06.5	 040.6	 -43  -22   -4
19 00 10	-00 47.0	 054.3	  +0  -13   -1
19 01 41	-21 49.0	 043.1	 +24   +4  -16
19 03 00	+22 59.8	 057.1	 -52  +18  -18
19 03 02	-37 08.2	 052.8	 -54  -16   +5
19 03 02	-37 08.2	 052.8	 -53  -16   +4
19 03 06	+13 47.5	 039.8	  -9  -26   -6
19 03 18	+25 50.7	 020.0	 -27  -67   -6
19 03 30	-37 53.0	 061.2	 +56  -33  -15
19 03 49	-27 44.7	 043.1	 +46  -20  -17
19 04 58	+20 48.8	 112.2	 +36  +12  +15
19 05 05	+20 48.1	 112.2	 +35  +11  +15
19 05 43	+16 46.6	 059.5	 +25   +0  -14
19 05 45	+32 27.0	 122.6	 -70  -12  -34
19 07 04	+33 58.8	 035.0	  +2   +9  +12
19 07 10	-47 14.0	 047.5	 -11  -48  -11
19 07 40	+17 35.5	 093.6	 +19  -32  +12
19 08 14	+79 40.4	 046.3	 -14  -40   -8
19 09 38	+02 48.6	 099.4	 -48  -15  -81
19 10 48	+49 45.7	 043.5	 -62  -43  +35
19 10 47	+49 45.6	 043.5	 -65  -43  +31
19 11 01	+76 28.7	 047.3	  +9   +7   -6
19 11 16	+57 34.8	 039.1	 -40  -22  -13
19 13 03	-45 58.4	 072.6	 -44  -16   -3
19 13 14	+24 48.3	 026.9	 -58  -44  -19
19 14 29	+05 05.8	 176.7	 +53   -6   -5
19 17 07	-45 36.7	 175.7	 -10  -69  -41
19 17 53	+37 14.4	 040.7	 +13   -3   -2
19 17 51	-07 45.3	 098.8	 +13   -4   -3
19 18 46	-17 56.6	 039.1	  +2   +2   +4
19 19 23	+14 34.9	 050.9	  -1  -12   -4
19 19 32	+20 47.5	 098.4	+122  +27  +11
19 19 39	+06 57.2	 091.5	 +49   -4  +22
19 19 49	+28 34.0	 044.6	 -69  +12  -72
19 20 14	-66 34.3	 038.8	 +52   -3   +6
19 21 41	+33 07.3	 056.7	 -23  -12   -2
19 22 35	+11 50.2	 064.3	-118  -29  -21
19 22 59	+03 00.8	 072.5	 -32  -10   -9
19 25 02	+49 21.2	 040.7	 -91  -47  -28
19 26 47	-27 05.4	 043.8	 -31  -12   +1
19 26 47	-27 05.4	 043.8	 -32  -12   +1
19 27 26	+31 30.6	 048.4	 +29  -22  -18
19 28 12	-06 37.1	 041.9	 +64   +8   -4
19 30 04	+00 28.2	 044.6	 -50  -18  -13
19 30 18	+58 29.0	 048.6	 +55   +1  +33
19 31 39	+07 16.3	 046.1	 -17  -22  -24
19 32 09	+04 28.1	 073.7	 -66  -15  -13
19 32 28	+69 34.6	 178.2	 +30  +44  -17
19 32 41	+08 21.0	 028.3	 -11  -18   +3
19 33 02	+51 07.7	 035.3	 +18   +1  -11
19 34 02	-10 33.1	 052.5	 +76   +4   -6
19 34 02	-10 33.1	 052.5	 +77   +4   -6
19 34 45	-14 24.8	 045.0	  -5  -21   +7
19 35 06	+50 06.3	 054.0	 -23  -27   +5
19 38 18	-59 07.5	 039.7	  -4  -23  -31
19 40 29	+50 24.5	 035.2	 +19  -31   +1
19 40 32	+50 24.0	 035.2	 +19  -31   -1
19 40 40	+76 18.2	 043.9	 -21   -6  -12
19 40 42	-15 35.3	 043.6	  +9   -8  -26
19 42 16	+57 53.8	 045.6	  +0  -25  -22
19 43 39	+33 29.1	 043.9	 +39   -8  -24
19 44 26	+31 53.9	 074.1	  +6   -5  -39
19 44 26	+31 53.9	 074.1	  +6   -4  -39
19 44 32	+33 36.6	 044.4	 +40   -9  -24
19 44 34	+33 36.8	 044.4	 +39   -8  -25
19 48 21	+08 44.1	 201.0	 -29  -10   -2
19 48 38	+10 17.4	 046.3	  -2   -3  -22
19 48 38	+10 17.4	 046.3	  -3   -3  -22
19 49 43	+11 30.2	 023.4	 +22  -41  +15
19 50 22	-47 55.6	 038.4	  -2 -133  -18
19 51 18	-24 04.0	 071.7	  +3  -28   +1
19 52 33	+03 56.0	 040.7	 +78   -4  +10
19 52 51	+06 16.8	 074.3	 -12  -49   -9
19 53 56	-01 10.0	 086.1	 +51  -14   -5
19 54 33	-12 41.7	 047.4	 +11  -51   -9
19 55 13	+29 41.1	 047.4	 -41  -15   +7
19 57 04	-10 05.4	 040.6	 +56  -31   -2
19 57 07	-33 50.3	 051.6	 -13  -24  -13
19 58 50	-50 11.2	 047.8	 -10  -30  -43
19 59 20	-65 43.7	 074.6	 +25  -77  -41
19 59 20	-65 43.7	 074.6	  -4  -60  -21
20 00 17	+15 27.6	 066.7	 +60  -20  -19
20 00 17	+03 11.0	 070.6	 -22  -15  +16
20 00 34	-67 27.2	 053.0	 -75  -34  -52
20 01 34	+29 45.7	 058.1	 -12  -46  -68
20 01 23	+29 43.9	 085.4	  +4   -8  -68
20 01 47	+23 12.7	 054.7	 +99  -52  +32
20 01 51	+16 56.0	 060.2	 +40  -19   +9
20 02 53	+54 19.5	 014.4	  +6   -7  -10
20 03 20	+38 20.0	 043.8	 -29  -14  -19
20 03 50	-66 18.7	 175.2	 -47  -12  -13
20 03 55	+54 18.2	 059.9	+103 -156  +11
20 06 48	-14 26.0	 047.9	 -17   -9   -9
20 07 26	-20 38.2	 063.2	 +39  -24  +10
20 07 55	-36 13.7	 177.1	-118  -49  +48
20 08 50	+16 02.0	 035.5	 -31  -26  +59
20 09 39	-12 45.9	 038.1	 +13   -6  -38
20 10 19	-45 18.8	 163.9	 -39   +1   -2
20 12 10	-27 11.0	 108.8	 -74  -11  -20
20 12 24	+77 04.8	 060.4	 -34  -19  +12
20 14 28	+06 46.0	 047.2	 -49  -37   -3
20 16 07	-46 35.1	 062.6	 +39  -14   +6
20 17 02	+66 41.6	 072.9	 -31   -5  -17
20 18 04	-50 09.3	 043.5	 +30  -35  +21
20 18 35	-58 26.4	 051.2	-101   -1  -19
20 24 38	-31 01.6	 056.3	  +3  -43   -8
20 24 40	-27 54.1	 079.6	  +0  -55   +6
20 26 01	-17 58.8	 052.1	 +16   +5   -8
20 27 21	+09 31.2	 114.2	 -28   -5  -16
20 28 04	+26 40.6	 028.4	 +36   +3   +3
20 29 33	+33 36.3	 049.2	 -18  -24  -13
20 29 50	+65 16.6	 120.4	 -21   +9   -6
20 31 06	+41 43.2	 051.1	 -26   -3  +37
20 32 14	+24 54.0	 069.4	 +52   +6   -5
20 32 40	+61 34.0	 062.5	 -75  -39   +0
20 34 04	-47 28.0	 044.8	  -3   +8   -4
20 35 55	-60 43.1	 046.6	 -55  -33   +4
20 36 47	+38 27.7	 048.4	  -1  -23  -34
20 37 05	+04 47.6	 063.5	 -66  -17  -34
20 37 13	-23 57.5	 070.1	 -61  +19   +7
20 52 04	+74 34.9	 044.7	 -61  -52   -8
20 38 10	+15 18.7	 101.6	 -94  -41  -11
20 38 29	+19 45.2	 049.8	 -43  -16  +16
20 38 29	+19 43.1	 049.8	 -42  -16  +15
20 38 37	-52 51.8	 082.0	 -48  -52  +26
20 38 44	-32 36.6	 122.8	  -9  -12   -8
20 38 44	-32 36.6	 122.8	  -8  -12   -9
20 38 45	-22 29.4	 049.4	 -72  -63  -28
20 40 04	-19 05.2	 067.2	  -8  -52  -57
20 40 12	+57 14.5	 044.9	 -29  -28   +7
20 40 23	-52 06.1	 047.3	 -12   -4  -11
20 41 53	+55 08.8	 063.3	-140  -32  +22
20 42 04	-31 31.1	 106.9	 -12  -15   -8
20 42 06	+19 34.5	 048.8	 +36  -23  -34
20 43 08	-25 27.1	 073.5	 +23   -2  -15
20 43 18	+44 18.7	 085.4	 -29  -21   -9
20 44 07	+57 24.0	 043.8	 +27  -28  -15
20 44 11	+33 46.9	 052.0	 -45   -1   -6
20 44 16	+61 38.6	 076.1	 -31  -96   +9
20 44 30	-79 29.0	 064.3	 -49  -75  -34
20 45 06	-44 10.3	 049.4	 -23   -8   -5
20 49 59	+26 54.5	 040.3	 +11   -2   +2
20 52 18	+61 58.5	 133.5	 +23  -10  -20
20 52 42	+12 58.8	 043.5	 -84   -5  -10
20 53 49	-26 29.3	 038.0	 -18  -10   +1
20 54 04	-10 37.6	 056.3	 +73  -57  -60
20 54 07	-05 02.2	 063.5	 -59  -37  -29
20 54 22	-44 18.5	 053.0	 +19  -94  +43
20 55 09	+22 10.4	 076.2	 -35  -31  -34
20 58 09	+39 52.7	 066.1	 -18  -35  -43
21 00 53	+45 41.1	 045.8	 -39  -12  -20
21 01 34	-20 03.2	 053.5	 +19   +6  -13
21 02 09	-17 07.8	 057.5	 +72 -173  +40
21 02 51	+06 52.6	 058.6	 -12  -79   +0
21 04 11	-73 22.3	 041.7	 -55  -26  -18
21 04 24	-14 07.4	 068.1	 -40  -17   -1
21 04 40	+38 30.0	 288.7	 -92  -54   -9
21 04 40	+38 30.0	 288.7	 -92  -54   -9
21 05 12	-82 01. 	 057.9	 -75  +44  +61
21 05 42	-21 23.7	 044.7	  -8  -10   +4
21 05 49	+24 58.5	 041.7	 +16  -13  -11
21 06 08	-04 37.8	 044.6	 +10   +8   -1
21 06 30	-13 28.7	 091.7	 -30 -118  -24
21 06 44	+59 32.1	 041.7	+264 -215  -92
21 09 01	-40 28.3	 040.6	  -1  -29  -11
21 12 03	+09 48.2	 053.3	  +7  -29  -10
21 12 48	+37 49.9	 051.4	 -42  -16  +20
21 14 05	+09 11.1	 068.4	 -11  -20   -5
21 14 20	-39 03.7	 258.6	 +63  -19  +23
21 14 47	-61 33.4	 046.6	 -58  -38  -11
21 15 11	-43 32.7	 045.9	 -11   +1  -27
21 15 28	-00 02.8	 047.5	 -38  -32  -27
21 16 19	-53 39.6	 041.9	 -19   -4   +3
21 16 18	-53 39.6	 041.9	 -14   -7   -2
21 16 52	-26 33.6	 056.5	 +26  -32  +39
21 16 52	-26 33.6	 056.5	 +23  -33  +41
21 17 23	+62 22.4	 067.0	  -8  -12   -7
21 17 23	-51 15.4	 044.1	  -1  -19  -28
21 17 25	-20 03.3	 047.6	 +42  -61  -16
21 22 20	-65 35.6	 115.5	 -13  +42   +6
21 23 18	-56 20.7	 043.1	 -89  +24  -38
21 23 45	-45 01.7	 067.0	  -7  +11  -19
21 24 11	+03 31.2	 052.6	  +5   -7   +4
21 25 45	+10 23.5	 050.7	 -21  -10   -4
21 26 43	+73 25.9	 048.8	 +26  -21  -33
21 27 12	+17 25.1	 147.8	 -38  -17   -5
21 27 16	-12 43.6	 063.6	 -97  -62   -4
21 28 34	-10 00.6	 125.6	 -64  -33   +5
21 28 45	+23 07.0	 040.7	  -5  -29  -14
21 30 14	-49 13.2	 215.0	  +3  -18   +1
21 33 17	-51 04.1	 076.6	  -2  -19  -36
21 35 45	+27 29.9	 080.8	 -20  -15  -13
21 36 00	-77 36.8	 051.5	  +9  -38  -13
21 36 06	-24 22.5	 071.7	 -16  -37  -78
21 36 15	-27 31.9	 045.4	 -40  -15  -15
21 37 19	-16 53.4	 028.2	 -40  -19   +0
21 39 02	-41 21.0	 051.1	 +24  -32  -56
21 41 54	+28 31.0	 043.2	  -5   +3  -44
21 41 54	+28 31.0	 043.2	  -1  +12  -40
21 42 07	+14 32.6	 066.1	 -13  -20   -8
21 42 30	+41 22.0	 052.3	  +0  +11   +6
21 43 02	-57 55.3	 052.1	 -20  -77  +22
21 44 04	-00 24.0	 081.8	  -2   -1  -66
21 44 17	-16 21.3	 068.1	 -10  -23  -13
21 44 55	-40 29.0	 041.9	 -11  -44   -1
21 45 01	-47 31.9	 071.8	 -12  -20   +1
21 46 40	+05 29.4	 048.0	 -51  -16  -36
21 47 06	-11 54.9	 039.0	 +62   -6  -12
21 48 40	+74 45.9	 041.3	 -36   +6  +11
21 49 05	+00 36.9	 049.2	 -49  -33  -21
21 49 35	-77 34.3	 034.7	 -28  -10   +2
21 49 52	+42 06.8	 046.1	 +42  -27  -13
21 50 14	+39 34.0	 039.3	 -56  -59  -36
21 50 16	+28 33.5	 039.2	 +12  +16   -7
21 50 34	-13 47.3	 045.7	 -37  -12   -4
21 51 37	-47 14.1	 088.7	 +51  -24  -32
21 51 55	+41 32.8	 045.5	  -6  -57  -45
21 52 32	+32 05.7	 041.8	  -4  -22  -25
21 53 35	-51 14.4	 068.4	  -3  -24  +15
21 55 56	-59 59.4	 077.2	 -35  -17  -41
21 57 58	+75 20.9	 053.1	 -10  -20  -16
21 59 24	+16 13.4	 070.9	 -30  -11   -3
21 59 33	-56 59.6	 288.9	 -78  -38   +4
21 59 39	+01 09.7	 098.9	 +31   +6   -4
21 59 55	-70 09.9	 051.1	 -89  -22  -49
22 03 38	-45 38.0	 046.8	 -57  -44   -9
22 04 41	+25 06.0	 079.9	 -16   -7   -7
22 04 55	-51 27.7	 047.4	 -69  -25   +1
22 05 05	-47 12.2	 039.8	  -5  -21  -15
22 06 52	-07 47.3	 053.9	  +2  -45   -3
22 07 00	-04 53.2	 114.4	 -40  -17  -15
22 07 13	-32 47.7	 052.3	 -36   -7   -8
22 07 41	+05 57.1	 048.1	 -26   -8   -9
22 09 01	+36 00.8	 049.9	 +12  -23  -14
22 09 05	+18 10.6	 082.5	 -31  -41  +22
22 10 56	-17 55.8	 095.8	 -16  -13  -46
22 11 36	-41 37.2	 042.1	 -42  -76   -5
22 11 46	-08 59.1	 051.3	 +23  -54   -1
22 11 56	-16 03.7	 034.3	 +13  -13  -14
22 12 13	+56 52.3	 048.0	 -11   -3   -3
22 12 14	+27 35.9	 036.7	  -8  +39  +46
22 13 12	+56 47.9	 041.4	 -44  -11  -23
22 14 42	-09 03.0	 098.1	 +45  +21  -33
22 15 00	-53 52.1	 082.4	 -27  -37   +7
22 15 08	+68 05.4	 047.7	 -29  -11  -20
22 19 04	-01 38.4	 044.3	 -20  -18  +11
22 20 13	-57 28.1	 056.8	 -54  -29   -3
22 20 22	-72 30.0	 033.5	 -66  -69  -39
22 21 38	-58 02.8	 056.2	  -5  -31   -2
22 22 24	+22 17.9	 047.6	 +19   -6   +7
22 22 24	+22 17.9	 047.6	 +19   -2   +5
22 23 52	-16 59.8	 060.8	 -14   -4   -9
22 23 51	-16 59.8	 060.8	 -16   -4  -13
22 24 05	+04 08.3	 041.1	 -37  -15   -3
22 25 39	+11 59.6	 041.5	 -12   -1  -11
22 26 13	+57 26.8	 251.9	 +26  -28   +2
22 26 13	+57 26.8	 251.9	 +25  -26   +2
22 26 15	-13 39.8	 091.9	 +26  -52  +10
22 26 25	-30 15.8	 075.2	  +6  -51  -15
22 28 41	-06 48.6	 045.8	 -13  -18   -6
22 30 31	+09 07.1	 066.0	 -38   -7   -9
22 30 38	-35 42.1	 043.8	 -52  -26  +27
22 30 50	+53 32.1	 045.8	-118  -34  -60
22 31 58	-20 57.9	 044.6	 -16  -21  -11
22 32 57	-54 52.0	 042.8	  -9  -66  -69
22 33 35	-01 05.6	 065.8	 +21  -27  -29
22 34 57	-65 38.2	 089.9	 -51   -7   +2
22 35 45	-15 35.6	 294.3	 -69   -1  +41
22 36 01	-20 52.8	 115.4	 -18   -9   -2
22 36 55	-12 52.4	 046.9	 -28  -39  -17
22 36 55	-12 52.4	 046.9	 -29  -39  -16
22 37 55	-29 56.1	 069.1	 -22   -9  -14
22 38 06	-32 15.1	 060.6	 -43  -11   +0
22 39 39	-47 28.1	 057.5	 +12  -34   -8
22 42 58	+10 55.9	 053.0	 +12  -17  -16
22 42 58	+10 55.9	 053.0	 +12  -17  -16
22 44 07	+23 18.1	 040.9	  -5   -6   -1
22 44 11	+49 56.8	 048.0	 -13  -57   -7
22 44 12	+11 55.0	 050.0	  +5  -38  -34
22 44 12	+11 55.0	 050.0	  +5  -39  -33
22 44 40	+44 04.6	 197.0	 +21   +3   -1
22 45 19	+44 17.4	 056.0	  +7   +3   -3
22 45 33	-51 34.8	 042.9	 -11  -10   -1
22 46 39	+22 20.5	 052.6	 -40  +30  -44
22 47 20	-41 45.1	 043.7	 +61  -16   +9
22 47 36	+24 19.8	 039.2	 -13   +6  -19
22 47 43	-07 21.4	 071.1	  +1   +5  +10
22 48 56	+13 42.1	 042.7	 -62   +0   -5
22 49 30	+31 29.4	 065.0	 -30  -15  -18
22 49 45	-33 08.5	 042.4	 +10   +1  -13
22 49 45	-33 08.5	 042.4	 +11   +1  -14
22 49 52	+09 34.1	 049.7	 -53   -6  -30
22 50 35	-14 31.2	 211.3	 -13  -19  -12
22 50 41	-48 51.8	 046.0	 -19  -14   -7
22 52 12	-75 42.7	 119.9	 -13  +31  +97
22 53 37	-31 49.8	 128.1	  -5   -8  -13
22 54 10	+16 17.4	 148.2	 +32  -17  +25
22 54 54	-29 53.3	 153.7	  -5   -7  -10
22 55 00	+20 30.0	 058.4	 -16  -31  +15
22 57 38	-22 47.6	 128.4	 +33  +16   +0
22 59 15	-04 06.9	 058.6	 -28  -46  +16
23 00 18	+42 29.3	 018.5	 -11   -1   -4
23 00 44	-35 01.2	 050.2	 -11   +5   +2
23 02 32	+66 29.7	 033.8	 -23   +1  -17
23 02 39	-36 08.5	 284.3	-100  -15  -56
23 03 08	+68 08.7	 047.5	 -78  -52  -14
23 04 26	-23 25.6	 048.7	  +4  -31  -27
23 05 32	+03 03.3	 061.3	 -37  +23  -28
23 05 41	-15 40.8	 040.7	  -5   +0   -4
23 06 34	-02 31.8	 029.0	 -68  -56   -1
23 07 15	-22 43.7	 039.0	  -5   -3   -1
23 07 15	-22 43.7	 039.0	  -6   -5   +3
23 07 39	+47 41.2	 028.7	 -20  -14   -8
23 10 15	+49 08.0	 049.1	 -14   +9   +4
23 10 52	+56 53.5	 146.4	 -56  -40  -15
23 13 16	-09 21.6	 043.3	 -39  -26   +7
23 13 14	-09 21.1	 043.3	 -41  -26   +8
23 13 51	+30 23.8	 017.1	 -42   -2  -10
23 14 14	-67 11.2	 037.5	  +1  -83  -39
23 14 10	-67 12.3	 037.5	  +2  -81  -38
23 14 19	+05 25.4	 034.7	  -1   -8   +8
23 14 25	+52 56.6	 043.3	  +7  -27  -20
23 14 31	-58 30.6	 041.0	  +9   +3  -18
23 14 51	-42 27.9	 061.6	 -15  -11  -14
23 15 00	+09 25.2	 051.4	  -7  +11  -24
23 15 41	-58 34.7	 039.5	 -18  -40  -15
23 15 56	+46 00.8	 047.8	 -31  -15   +1
23 16 08	-32 48.3	 042.1	  +6   -6  -15
23 16 29	-13 43.9	 040.9	 -18  -14  -21
23 16 29	-13 43.6	 040.9	 -19  -13  -21
23 17 28	+28 35.7	 043.9	 -98  -97  -31
23 19 11	+43 49.2	 050.6	 -62  -14   -2
23 20 27	-11 02.5	 059.7	 -34  +20  -38
23 22 14	+57 35.0	 071.6	 +20  -29  -15
23 24 30	-01 33.9	 047.6	 -59  +16  -27
23 26 16	+04 58.5	 072.7	 +32   -8   +8
23 26 49	-47 18.6	 048.6	 -17  -12   -1
23 28 56	+58 53.3	 056.1	 -75  -59  -19
23 28 56	-04 21.6	 042.9	  -9  -33   -4
23 29 20	+19 39.7	 151.9	 -15   -6   -6
23 29 20	+19 39.7	 151.9	 -15   -8   -5
23 30 09	-17 01.5	 077.5	 -11  -21   -7
23 30 12	-17 07.1	 077.5	 -10  -20   -9
23 30 57	+42 34.1	 041.0	 -45   -4  +13
23 31 33	-00 05.1	 070.9	 +91   -9  -25
23 32 26	+01 19.7	 058.4	 -27  -14   +3
23 32 52	-47 13.1	 045.6	 -17  -61  +10
23 34 14	+00 53.4	 045.9	-181  -75 -108
23 35 06	+46 11.2	 048.1	  -1   -5  -44
23 35 30	+45 55.4	 028.9	 -29  -14  -10
23 36 41	-72 59.3	 107.4	 +32  -66  -29
23 37 13	-33 01.0	 041.0	  -2  -30   +6
23 37 17	+77 21.2	 066.5	 +23  -39   +0
23 37 23	+05 21.3	 072.5	  -8  -26  -26
23 38 19	+20 05.3	 045.0	 -16  -19  +11
23 39 26	+43 55.2	 315.6	 +33  -74   +0
23 40 08	-14 49.3	 039.7	  -7  -12   -3
23 40 33	+36 15.7	 123.0	 -28  -21  -11
23 41 23	+32 19.0	 055.6	 +25  -14  +12
23 41 21	+32 16.2	 055.6	 +26  -17  +14
23 43 18	+35 58.6	 055.5	 -18  -28   +7
23 45 31	+48 44.2	 065.6	 -53   +5  -12
23 46 36	+02 08.2	 177.9	  -9  -68  +41
23 47 31	+02 35.8	 039.1	 -93  -26  +20
23 47 55	+30 04.5	 042.8	 -22  -13   -3
23 49 32	+77 19.4	 040.8	 -45  -16  -28
23 49 57	+75 15.9	 096.5	 -14   -6   +0
23 50 05	-06 16.3	 045.1	 -61  -44   +9
23 50 36	+28 44.4	 060.4	  +9   +8   +6
23 52 12	-22 03.3	 039.7	  -1  +19  -15
23 52 29	+28 21.3	 034.0	 -68  -47   -3
23 56 07	+46 27.0	 060.0	 -46  -19  -11
23 56 56	+33 26.8	 042.1	 +13   -7   -5
23 59 33	+26 49.0	 079.6	 -10  -78  -36
